# ALPHA   7.662791022400000e+00  M   2.583809336800000e+00  N   1.000000000000000E-01 LAMBDA   2.323473767700000e+00 a   4.213610552411421e+00 b   8.901367847114210e-01
 -1.000000000000000E+01   2.466386117300000E-08   3.425988302200000E-04   4.212186097600000E+00   4.225028083100000E-01
 -9.943770035366001E+00   2.759802036000000E-08   3.624135372800000E-04   4.212103653600000E+00   4.225026530700000E-01
 -9.887540070732001E+00   3.088112519000000E-08   3.833741549200000E-04   4.212016432300000E+00   4.225024888700000E-01
 -9.831310106098000E+00   3.455467642300000E-08   4.055469491500000E-04   4.211924156800000E+00   4.225023151700000E-01
 -9.775080141460000E+00   3.866511056900000E-08   4.290020173000000E-04   4.211826534300000E+00   4.225021314100000E-01
 -9.721358676840000E+00   4.304795745900000E-08   4.526766365200000E-04   4.211727987100000E+00   4.225019459100000E-01
 -9.667637212240001E+00   4.792741762000000E-08   4.776576052500000E-04   4.211623990600000E+00   4.225017501500000E-01
 -9.613915747620000E+00   5.335975609800000E-08   5.040169993000000E-04   4.211514242900000E+00   4.225015435400000E-01
 -9.560194283000000E+00   5.940761116700000E-08   5.318308699700000E-04   4.211398425500000E+00   4.225013254900000E-01
 -9.508831313760000E+00   6.582964479700000E-08   5.598576239700000E-04   4.211281707100000E+00   4.225011057200000E-01
 -9.457468344520001E+00   7.294557620600000E-08   5.893611532000000E-04   4.211158823100000E+00   4.225008743100000E-01
 -9.406105375280001E+00   8.083036107300000E-08   6.204192583000000E-04   4.211029446900000E+00   4.225006306500000E-01
 -9.354742406020000E+00   8.956704800900000E-08   6.531138369600000E-04   4.210893234700000E+00   4.225003740800000E-01
 -9.305568899580001E+00   9.881434229700000E-08   6.860276261400000E-04   4.210756089500000E+00   4.225001157100000E-01
 -9.256395393120000E+00   1.090158254300000E-07   7.205998439400000E-04   4.210612012700000E+00   4.224998442400000E-01
 -9.207221886659999E+00   1.202699122200000E-07   7.569140338600000E-04   4.210460653000000E+00   4.224995590000000E-01
 -9.158048380200000E+00   1.326851602700000E-07   7.950579455299999E-04   4.210301641000000E+00   4.224992593000000E-01
 -9.110903018360000E+00   1.457893502400000E-07   8.334319972200000E-04   4.210141643000000E+00   4.224989576800000E-01
 -9.063757656500000E+00   1.601868564200000E-07   8.736578386600000E-04   4.209973895400000E+00   4.224986413900000E-01
 -9.016612294660000E+00   1.760052395900000E-07   9.158248019800000E-04   4.209798021400000E+00   4.224983097200000E-01
 -8.969466932820001E+00   1.933846285600000E-07   9.600265256400000E-04   4.209613626100000E+00   4.224979619000000E-01
 -8.924202485980000E+00   2.116821602600000E-07   1.004470454500000E-03   4.209428184600000E+00   4.224976120500000E-01
 -8.878938039160001E+00   2.317095688800000E-07   1.050971407500000E-03   4.209234121900000E+00   4.224972458500000E-01
 -8.833673592340000E+00   2.536302561900000E-07   1.099624552000000E-03   4.209031035600000E+00   4.224968625300000E-01
 -8.788409145500001E+00   2.776230369000000E-07   1.150529454300000E-03   4.208818504100000E+00   4.224964613000000E-01
 -8.744892913099999E+00   3.028245931100000E-07   1.201688168900000E-03   4.208604865700000E+00   4.224960578800000E-01
 -8.701376680679999E+00   3.303116844900000E-07   1.255121032200000E-03   4.208381680000000E+00   4.224956363300000E-01
 -8.657860448259999E+00   3.602913520500000E-07   1.310929084000000E-03   4.208148518200000E+00   4.224951958300000E-01
 -8.614344215839999E+00   3.929893584000000E-07   1.369217848500000E-03   4.207904932100000E+00   4.224947355100000E-01
 -8.572456699060000E+00   4.272604809700000E-07   1.427770914100000E-03   4.207660179700000E+00   4.224942728600000E-01
 -8.530569182280001E+00   4.645169268600000E-07   1.488827091400000E-03   4.207404898400000E+00   4.224937901700000E-01
 -8.488681665500000E+00   5.050183756300000E-07   1.552493318500000E-03   4.207138632700000E+00   4.224932865700000E-01
 -8.446794148720000E+00   5.490470445800000E-07   1.618881095600000E-03   4.206860907100000E+00   4.224927611400000E-01
 -8.406427381260000E+00   5.951010032000000E-07   1.685542375100000E-03   4.206581957400000E+00   4.224922332300000E-01
 -8.366060613820000E+00   6.450129065200000E-07   1.754947490700000E-03   4.206291441100000E+00   4.224916832500000E-01
 -8.325693846360000E+00   6.991053724000000E-07   1.827209292500000E-03   4.205988875100000E+00   4.224911102800000E-01
 -8.285327078920000E+00   7.577279236400000E-07   1.902445263900000E-03   4.205673756300000E+00   4.224905133400000E-01
 -8.246383232820001E+00   8.189316402599999E-07   1.977962437800000E-03   4.205357357600000E+00   4.224899137600000E-01
 -8.207439386739999E+00   8.850713929400000E-07   2.056475827100000E-03   4.205028297000000E+00   4.224892899600000E-01
 -8.168495540660000E+00   9.565444327600000E-07   2.138104196600000E-03   4.204686063900000E+00   4.224886409600000E-01
 -8.129551694560000E+00   1.033779876200000E-06   2.222971008600000E-03   4.204330126800000E+00   4.224879657000000E-01
 -8.091941782620001E+00   1.114273974100000E-06   2.308125233100000E-03   4.203972854700000E+00   4.224872876600000E-01
 -8.054331870700000E+00   1.201024516700000E-06   2.396539590300000E-03   4.203601767300000E+00   4.224865831100000E-01
 -8.016721958760000E+00   1.294516570200000E-06   2.488338751900000E-03   4.203216325700000E+00   4.224858510100000E-01
 -7.979112046800000E+00   1.395272660900000E-06   2.583652145000000E-03   4.202815969500000E+00   4.224850902500000E-01
 -7.942754612600000E+00   1.500107158100000E-06   2.679258320500000E-03   4.202414220800000E+00   4.224843265200000E-01
 -7.906397178200000E+00   1.612802234100000E-06   2.778400003700000E-03   4.201997443500000E+00   4.224835338600000E-01
 -7.870039744000001E+00   1.733945536600000E-06   2.881207759000000E-03   4.201565069900000E+00   4.224827111600000E-01
 -7.833682309599999E+00   1.864168441800000E-06   2.987816957500000E-03   4.201116510300000E+00   4.224818572600000E-01
 -7.798502778000000E+00   1.999453656300000E-06   3.094723059700000E-03   4.200666498800000E+00   4.224810001800000E-01
 -7.763323246200001E+00   2.144533386800000E-06   3.205451382900000E-03   4.200200184300000E+00   4.224801116200000E-01
 -7.728143714600000E+00   2.300114286900000E-06   3.320138361200000E-03   4.199716969700000E+00   4.224791903700000E-01
 -7.692964182799999E+00   2.466953717700000E-06   3.438925281300000E-03   4.199216235200000E+00   4.224782352300000E-01
 -7.658896826200000E+00   2.640013634100000E-06   3.558002329500000E-03   4.198714027400000E+00   4.224772767600000E-01
 -7.624829469600000E+00   2.825180788300000E-06   3.681198851000000E-03   4.198194182300000E+00   4.224762840800000E-01
 -7.590762113200000E+00   3.023298782400000E-06   3.808657085200000E-03   4.197656072700000E+00   4.224752559500000E-01
 -7.556694756600000E+00   3.235269627200000E-06   3.940524161400000E-03   4.197099048500000E+00   4.224741910600000E-01
 -7.523761822000000E+00   3.454256353400000E-06   4.072334223600000E-03   4.196541959700000E+00   4.224731254200000E-01
 -7.490828887600001E+00   3.688019393300000E-06   4.208548686100000E-03   4.195965935400000E+00   4.224720229000000E-01
 -7.457895953000000E+00   3.937551138200000E-06   4.349314387000000E-03   4.195370323000000E+00   4.224708821800000E-01
 -7.424963018400000E+00   4.203910142300000E-06   4.494783034900000E-03   4.194754446800000E+00   4.224697018900000E-01
 -7.393005092000000E+00   4.479538633500000E-06   4.640589432500000E-03   4.194136769500000E+00   4.224685173900000E-01
 -7.361047165600000E+00   4.773174239600000E-06   4.791119875700000E-03   4.193498690400000E+00   4.224672929600000E-01
 -7.329089239000000E+00   5.085987070300000E-06   4.946527013200000E-03   4.192839525400000E+00   4.224660272100000E-01
 -7.297131312600000E+00   5.419222628600000E-06   5.106968395700000E-03   4.192158566500000E+00   4.224647186900000E-01
 -7.266095841400000E+00   5.763642130700000E-06   5.267751154900000E-03   4.191475710200000E+00   4.224634056000000E-01
 -7.235060370199999E+00   6.129862552300000E-06   5.433588677100000E-03   4.190770916200000E+00   4.224620493500000E-01
 -7.204024899000000E+00   6.519255354800000E-06   5.604639379600000E-03   4.190043467900000E+00   4.224606484700000E-01
 -7.172989427800001E+00   6.933277441400000E-06   5.781066608900000E-03   4.189292624500000E+00   4.224592014300000E-01
 -7.142825589199999E+00   7.360741205400000E-06   5.957850859100000E-03   4.188539723100000E+00   4.224577493000000E-01
 -7.112661750400000E+00   7.814438705200001E-06   6.140032295700000E-03   4.187763272800000E+00   4.224562505900000E-01
 -7.082497911800000E+00   8.295968630800000E-06   6.327775091200000E-03   4.186962523500000E+00   4.224547037200000E-01
 -7.052334073199999E+00   8.807026017900000E-06   6.521248369600000E-03   4.186136700300000E+00   4.224531071000000E-01
 -7.022993336000001E+00   9.334175058400001E-06   6.715105856300000E-03   4.185308594500000E+00   4.224515047100000E-01
 -6.993652599000000E+00   9.892713007900000E-06   6.914715253600000E-03   4.184455247300000E+00   4.224498520900000E-01
 -6.964311862000000E+00   1.048449400500000E-05   7.120246497200000E-03   4.183575874100000E+00   4.224481475700000E-01
 -6.934971125000001E+00   1.111148032800000E-05   7.331874492500000E-03   4.182669664800000E+00   4.224463894500000E-01
 -6.906407532200001E+00   1.175765468400000E-05   7.543925147000000E-03   4.181760883300000E+00   4.224446247400000E-01
 -6.877843939400000E+00   1.244118649700000E-05   7.762095299100000E-03   4.180825080800000E+00   4.224428058900000E-01
 -6.849280346600000E+00   1.316421600400000E-05   7.986560671100000E-03   4.179861436800000E+00   4.224409311600000E-01
 -6.820716753800000E+00   1.392900429600000E-05   8.217501970900000E-03   4.178869104800000E+00   4.224389987500000E-01
 -6.792886479600000E+00   1.471659888400000E-05   8.448920110500000E-03   4.177873824400000E+00   4.224370586900000E-01
 -6.765056205400000E+00   1.554843360700000E-05   8.686838987700000E-03   4.176849649100000E+00   4.224350603200000E-01
 -6.737225930999999E+00   1.642696810100000E-05   8.931440157200000E-03   4.175795721200000E+00   4.224330018100000E-01
 -6.709395656800000E+00   1.735479652100000E-05   9.182910173000000E-03   4.174711156100000E+00   4.224308812500000E-01
 -6.682256710400001E+00   1.830966075700000E-05   9.434931514400001E-03   4.173623157200000E+00   4.224287517300000E-01
 -6.655117764000000E+00   1.931667370700000E-05   9.693849501300001E-03   4.172504287000000E+00   4.224265594400000E-01
 -6.627978817800000E+00   2.037865060300000E-05   9.959851593900001E-03   4.171353648400000E+00   4.224243024400000E-01
 -6.600839871400000E+00   2.149855584700000E-05   1.023313026400000E-02   4.170170317400000E+00   4.224219787200000E-01
 -6.574351789800000E+00   2.265044811400000E-05   1.050706087700000E-02   4.168982929800000E+00   4.224196443800000E-01
 -6.547863708200000E+00   2.386354831400000E-05   1.078830000700000E-02   4.167762581500000E+00   4.224172425000000E-01
 -6.521375626600000E+00   2.514106669700000E-05   1.107704112800000E-02   4.166508334300000E+00   4.224147710100000E-01
 -6.494887545000000E+00   2.648637836400000E-05   1.137348273300000E-02   4.165219222700000E+00   4.224122277600000E-01
 -6.469011072599999E+00   2.786948833000000E-05   1.167071042600000E-02   4.163925258200000E+00   4.224096718500000E-01
 -6.443134600200001E+00   2.932415641400000E-05   1.197567612300000E-02   4.162596118700000E+00   4.224070432400000E-01
 -6.417258128000000E+00   3.085403095200000E-05   1.228857945300000E-02   4.161230822800000E+00   4.224043397400000E-01
 -6.391381655600000E+00   3.246294189400000E-05   1.260962508000000E-02   4.159828361300000E+00   4.224015590900000E-01
 -6.366078408800000E+00   3.411649838100000E-05   1.293163387900000E-02   4.158420031200000E+00   4.223987631800000E-01
 -6.340775161800001E+00   3.585341354900000E-05   1.326182986900000E-02   4.156974172300000E+00   4.223958890200000E-01
 -6.315471915000000E+00   3.767782110500000E-05   1.360041903300000E-02   4.155489757800000E+00   4.223929342600000E-01
 -6.290168668000000E+00   3.959405428000000E-05   1.394761240100000E-02   4.153965731900000E+00   4.223898965200000E-01
 -6.265400781000000E+00   4.156304218400000E-05   1.429600086300000E-02   4.152434544200000E+00   4.223868403000000E-01
 -6.240632894000000E+00   4.362882290000000E-05   1.465304804100000E-02   4.150863317300000E+00   4.223836997800000E-01
 -6.215865007000000E+00   4.579606775200000E-05   1.501896653500000E-02   4.149250975600000E+00   4.223804725000000E-01
 -6.191097120000000E+00   4.806966672400000E-05   1.539397399800000E-02   4.147596414300000E+00   4.223771559100000E-01
 -6.166867225000000E+00   5.040170897100000E-05   1.576984478800000E-02   4.145935847500000E+00   4.223738224000000E-01
 -6.142637330000000E+00   5.284544397500000E-05   1.615484070500000E-02   4.144232696600000E+00   4.223703983500000E-01
 -6.118407435200000E+00   5.540611205100000E-05   1.654918018900000E-02   4.142485839900000E+00   4.223668811400000E-01
 -6.094177540200000E+00   5.808919104500000E-05   1.695308672000000E-02   4.140694125600000E+00   4.223632680600000E-01
 -6.070403040800000E+00   6.084635194800000E-05   1.735892172900000E-02   4.138891343000000E+00   4.223596270100000E-01
 -6.046628541600000E+00   6.373252572700000E-05   1.777440850400000E-02   4.137043087200000E+00   4.223558882600000E-01
 -6.022854042400000E+00   6.675361155800000E-05   1.819977289200000E-02   4.135148180800000E+00   4.223520490200000E-01
 -5.999079543000000E+00   6.991576805800000E-05   1.863524579800000E-02   4.133205415200000E+00   4.223481063900000E-01
 -5.975715262600000E+00   7.316702866500001E-05   1.907328184200000E-02   4.131248342200000E+00   4.223441282000000E-01
 -5.952350982000000E+00   7.656710601300000E-05   1.952153754500000E-02   4.129242641600000E+00   4.223400443700000E-01
 -5.928986701600000E+00   8.012263852599999E-05   1.998024691000000E-02   4.127187074400000E+00   4.223358519200000E-01
 -5.905622421000000E+00   8.384054801699999E-05   2.044964903600000E-02   4.125080369200000E+00   4.223315477600000E-01
 -5.882626762800001E+00   8.766536120700000E-05   2.092232361600000E-02   4.122955701700000E+00   4.223271993400000E-01
 -5.859631104600000E+00   9.166162554300000E-05   2.140583072800000E-02   4.120778959700000E+00   4.223227365000000E-01
 -5.836635446600001E+00   9.583680854900001E-05   2.190041331900000E-02   4.118548836300000E+00   4.223181560200000E-01
 -5.813639788400000E+00   1.001986872300000E-04   2.240631947200000E-02   4.116263991700000E+00   4.223134546000000E-01
 -5.790968643600001E+00   1.046896618600000E-04   2.291641807600000E-02   4.113956484300000E+00   4.223086977800000E-01
 -5.768297498800000E+00   1.093780457300000E-04   2.343801687200000E-02   4.111593105600000E+00   4.223038167200000E-01
 -5.745626354000000E+00   1.142722419800000E-04   2.397136875100000E-02   4.109172473400000E+00   4.222988079500000E-01
 -5.722955209400000E+00   1.193809919300000E-04   2.451673179300000E-02   4.106693171800000E+00   4.222936678900000E-01
 -5.700559047800001E+00   1.246473314700000E-04   2.506753104000000E-02   4.104184917300000E+00   4.222884576700000E-01
 -5.678162886200000E+00   1.301410337500000E-04   2.563056783900000E-02   4.101616560000000E+00   4.222831121000000E-01
 -5.655766724599999E+00   1.358715686800000E-04   2.620610638400000E-02   4.098986632900000E+00   4.222776274300000E-01
 -5.633370563000000E+00   1.418487763000000E-04   2.679441612800000E-02   4.096293634100000E+00   4.222719997900000E-01
 -5.611192556800000E+00   1.480208809900000E-04   2.738985038300000E-02   4.093563203700000E+00   4.222662821700000E-01
 -5.589014550600000E+00   1.544552076700000E-04   2.799834974900000E-02   4.090767888100000E+00   4.222604164900000E-01
 -5.566836544400000E+00   1.611624589900000E-04   2.862019156800000E-02   4.087906123100000E+00   4.222543986600000E-01
 -5.544658538200000E+00   1.681537439200000E-04   2.925565853000000E-02   4.084976308100000E+00   4.222482244700000E-01
 -5.522630446600000E+00   1.753903152600000E-04   2.990060183500000E-02   4.081997318600000E+00   4.222419329800000E-01
 -5.500602354800000E+00   1.829301833500000E-04   3.055955859000000E-02   4.078947939100000E+00   4.222354786100000E-01
 -5.478574263200001E+00   1.907855023000000E-04   3.123282187900000E-02   4.075826490700000E+00   4.222288569000000E-01
 -5.456546171400001E+00   1.989688748100000E-04   3.192069025900000E-02   4.072631257000000E+00   4.222220632300000E-01
 -5.434581085800000E+00   2.074684834300000E-04   3.262143614400000E-02   4.069369947500000E+00   4.222151130500000E-01
 -5.412616000200000E+00   2.163206847000000E-04   3.333731308200000E-02   4.066031750300000E+00   4.222079823600000E-01
 -5.390650914599999E+00   2.255393885900000E-04   3.406863371200000E-02   4.062614847500000E+00   4.222006661900000E-01
 -5.368685828799999E+00   2.351390045700000E-04   3.481571632700000E-02   4.059117381200000E+00   4.221931594300000E-01
 -5.346663894000000E+00   2.451608516500000E-04   3.558088128500000E-02   4.055528079500000E+00   4.221854366500000E-01
 -5.324641959000001E+00   2.555961568400000E-04   3.636254793600000E-02   4.051853935300000E+00   4.221775115800000E-01
 -5.302620024199999E+00   2.664610420900000E-04   3.716105448900000E-02   4.048092953000000E+00   4.221693786500000E-01
 -5.280598089400000E+00   2.777721936300000E-04   3.797674506800000E-02   4.044243095000000E+00   4.221610321000000E-01
 -5.258334549200000E+00   2.896786938800000E-04   3.881920972100000E-02   4.040258533700000E+00   4.221523708300000E-01
 -5.236071009200001E+00   3.020774098300000E-04   3.967996331300000E-02   4.036178815800000E+00   4.221434789400000E-01
 -5.213807469000001E+00   3.149874371500000E-04   4.055938012100000E-02   4.032001702100000E+00   4.221343500100000E-01
 -5.191543929000000E+00   3.284285253800000E-04   4.145784076400000E-02   4.027724907800000E+00   4.221249774000000E-01
 -5.168697102599999E+00   3.427952899800000E-04   4.240004497500000E-02   4.023229988700000E+00   4.221150987900000E-01
 -5.145850276400000E+00   3.577656292600000E-04   4.336313671600000E-02   4.018625074200000E+00   4.221049488800000E-01
 -5.123003450200000E+00   3.733631408300000E-04   4.434754829500000E-02   4.013907544000000E+00   4.220945199100000E-01
 -5.100156623800000E+00   3.896122197300000E-04   4.535371914200000E-02   4.009074726900000E+00   4.220838039100000E-01
 -5.075778374000000E+00   4.076974551000000E-04   4.645183318800000E-02   4.003787757300000E+00   4.220720438600000E-01
 -5.051400124200001E+00   4.265849191800000E-04   4.757578128000000E-02   3.998363054300000E+00   4.220599374500000E-01
 -5.027021874199999E+00   4.463073888400000E-04   4.872612407500000E-02   3.992797178900000E+00   4.220474741800000E-01
 -5.002643624400001E+00   4.668987673800000E-04   4.990343141200000E-02   3.987086626900000E+00   4.220346432100000E-01
 -4.976137353400000E+00   4.903145567600000E-04   5.121478230600000E-02   3.980709248400000E+00   4.220202619600000E-01
 -4.949631082400000E+00   5.148456549100000E-04   5.255945179700000E-02   3.974151935300000E+00   4.220054181400000E-01
 -4.923124811400000E+00   5.405403533800000E-04   5.393820882500000E-02   3.967409922900000E+00   4.219900965700000E-01
 -4.896618540200000E+00   5.674486377900000E-04   5.535183473800000E-02   3.960478359300000E+00   4.219742816500000E-01
 -4.872369971000000E+00   5.931718815300000E-04   5.667626895700000E-02   3.953966978300000E+00   4.219593679800000E-01
 -4.848121401799999E+00   6.199948921800000E-04   5.803116546300000E-02   3.947288989100000E+00   4.219440153100000E-01
 -4.823872832400000E+00   6.479597668700000E-04   5.941714889700000E-02   3.940440494200000E+00   4.219282106600000E-01
 -4.799624263200000E+00   6.771098475900000E-04   6.083485197200000E-02   3.933417542300000E+00   4.219119407000000E-01
 -4.778003382000000E+00   7.041368241200000E-04   6.212619661500000E-02   3.927005253200000E+00   4.218970303300000E-01
 -4.756382501000001E+00   7.321739478700000E-04   6.344372719900000E-02   3.920448215000000E+00   4.218817292800000E-01
 -4.734761619800000E+00   7.612544731800000E-04   6.478790761700000E-02   3.913743527100000E+00   4.218660274200000E-01
 -4.713140738800000E+00   7.914124531700000E-04   6.615920628499999E-02   3.906888261300000E+00   4.218499144000000E-01
 -4.692551345000000E+00   8.211651073300000E-04   6.749072407100000E-02   3.900217369800000E+00   4.218341782400000E-01
 -4.671961951400000E+00   8.519572292700000E-04   6.884767485200000E-02   3.893404674800000E+00   4.218180503300000E-01
 -4.651372557600000E+00   8.838202366300000E-04   7.023047370100000E-02   3.886447587200000E+00   4.218015211900000E-01
 -4.630783163999999E+00   9.167861924500000E-04   7.163953879300000E-02   3.879343502100000E+00   4.217845811400000E-01
 -4.610699673799999E+00   9.500360146600000E-04   7.303969009700000E-02   3.872269845900000E+00   4.217676520300000E-01
 -4.590616183800000E+00   9.843972915999999E-04   7.446562670800000E-02   3.865051394500000E+00   4.217503132800000E-01
 -4.570532693600001E+00   1.019901513800000E-03   7.591774423000000E-02   3.857685698800000E+00   4.217325554100000E-01
 -4.550449203599999E+00   1.056580724000000E-03   7.739644035500000E-02   3.850170303300000E+00   4.217143688000000E-01
 -4.531106475800000E+00   1.093048252300000E-03   7.884609533500000E-02   3.842788290700000E+00   4.216964385300000E-01
 -4.511763748000000E+00   1.130665483000000E-03   8.032113353500001E-02   3.835262937800000E+00   4.216780925800000E-01
 -4.492421020200000E+00   1.169462427100000E-03   8.182191464900000E-02   3.827592046900000E+00   4.216593219500000E-01
 -4.473078292400000E+00   1.209469521100000E-03   8.334879941499999E-02   3.819773423800000E+00   4.216401174600000E-01
 -4.454687436200000E+00   1.248658254100000E-03   8.482508314600000E-02   3.812200558800000E+00   4.216214472200000E-01
 -4.436296579800000E+00   1.288995690000000E-03   8.632560276400000E-02   3.804490290600000E+00   4.216023682800000E-01
 -4.417905723600000E+00   1.330508977300000E-03   8.785066988800000E-02   3.796640753100000E+00   4.215828724700000E-01
 -4.399514867400000E+00   1.373225553700000E-03   8.940059626999999E-02   3.788650091500000E+00   4.215629514700000E-01
 -4.382200438200000E+00   1.414566439800000E-03   9.088280320400000E-02   3.780996500800000E+00   4.215438003500000E-01
 -4.364886009199999E+00   1.457021769400000E-03   9.238758069200000E-02   3.773214664300000E+00   4.215242578400000E-01
 -4.347571580000000E+00   1.500615055200000E-03   9.391518825300001E-02   3.765303070800000E+00   4.215043167800000E-01
 -4.330257151000000E+00   1.545369977800000E-03   9.546588487800001E-02   3.757260224400000E+00   4.214839699300000E-01
 -4.313856252200000E+00   1.588856486700000E-03   9.695629278300000E-02   3.749519340600000E+00   4.214643157700000E-01
 -4.297455353600000E+00   1.633427035700000E-03   9.846786819900000E-02   3.741658121100000E+00   4.214442847000000E-01
 -4.281054455000000E+00   1.679102080900000E-03   1.000008290900000E-01   3.733675342200000E+00   4.214238704200000E-01
 -4.264653556400000E+00   1.725902155000000E-03   1.015553924300000E-01   3.725569799100000E+00   4.214030665600000E-01
 -4.248898597400000E+00   1.771937612200000E-03   1.030692738300000E-01   3.717666779500000E+00   4.213827092400000E-01
 -4.233143638600000E+00   1.819048522200000E-03   1.046034790300000E-01   3.709648350000000E+00   4.213619808000000E-01
 -4.217388679800001E+00   1.867253198400000E-03   1.061581970400000E-01   3.701513499000000E+00   4.213408754700000E-01
 -4.201633721000000E+00   1.916569960600000E-03   1.077336155200000E-01   3.693261236300000E+00   4.213193874900000E-01
 -4.186540213400000E+00   1.964876188700000E-03   1.092624793900000E-01   3.685244417900000E+00   4.212984373600000E-01
 -4.171446706000000E+00   2.014235968200000E-03   1.108106752700000E-01   3.677118121000000E+00   4.212771255400000E-01
 -4.156353198600000E+00   2.064665339900000E-03   1.123783640000000E-01   3.668881537300000E+00   4.212554468600000E-01
 -4.141259691200000E+00   2.116180293400000E-03   1.139657048200000E-01   3.660533880700000E+00   4.212333961400000E-01
 -4.126531850000000E+00   2.167508885900000E-03   1.155336839300000E-01   3.652280662700000E+00   4.212115160300000E-01
 -4.111804009000000E+00   2.219900980900000E-03   1.171206691800000E-01   3.643920277700000E+00   4.211892718800000E-01
 -4.097076167800000E+00   2.273371209500000E-03   1.187268034900000E-01   3.635452064700000E+00   4.211666588300000E-01
 -4.082348326600000E+00   2.327934100000000E-03   1.203522279100000E-01   3.626875387300000E+00   4.211436720100000E-01
 -4.067936672000000E+00   2.382397178200000E-03   1.219615637500000E-01   3.618377256300000E+00   4.211208121700000E-01
 -4.053525017200000E+00   2.437933684100000E-03   1.235896318900000E-01   3.609774137100000E+00   4.210975851800000E-01
 -4.039113362600000E+00   2.494556858000000E-03   1.252365586300000E-01   3.601065508900000E+00   4.210739864600000E-01
 -4.024701707800000E+00   2.552279788400000E-03   1.269024682000000E-01   3.592250877800000E+00   4.210500114200000E-01
 -4.010567935600000E+00   2.609970341700000E-03   1.285548110800000E-01   3.583502802000000E+00   4.210261287300000E-01
 -3.996434163400000E+00   2.668743097700000E-03   1.302256419700000E-01   3.574651910800000E+00   4.210018753600000E-01
 -3.982300391200000E+00   2.728609890400000E-03   1.319150714600000E-01   3.565697819300000E+00   4.209772470000000E-01
 -3.968166619000000E+00   2.789582355600000E-03   1.336232077500000E-01   3.556640170900000E+00   4.209522393300000E-01
 -3.954294888200000E+00   2.850510539900000E-03   1.353179670500000E-01   3.547649441200000E+00   4.209273223300000E-01
 -3.940423157200001E+00   2.912525368700000E-03   1.370309454000000E-01   3.538558363000000E+00   4.209020317400000E-01
 -3.926551426400000E+00   2.975637200400000E-03   1.387622378900000E-01   3.529366684300000E+00   4.208763635300000E-01
 -3.912679695600000E+00   3.039856152900000E-03   1.405119370400000E-01   3.520074183000000E+00   4.208503136600000E-01
 -3.899004346000000E+00   3.104259293000000E-03   1.422549710000000E-01   3.510814356600000E+00   4.208242550600000E-01
 -3.885328996400000E+00   3.169757208700000E-03   1.440160649700000E-01   3.501456201700000E+00   4.207978177900000E-01
 -3.871653646800000E+00   3.236358822900000E-03   1.457952997500000E-01   3.491999594600000E+00   4.207709980300000E-01
 -3.857978297400000E+00   3.304072774900000E-03   1.475927533300000E-01   3.482444442600000E+00   4.207437919900000E-01
 -3.844429979400000E+00   3.372262814300000E-03   1.493915498000000E-01   3.472880813000000E+00   4.207164540300000E-01
 -3.830881661399999E+00   3.441560620400000E-03   1.512083721300000E-01   3.463220372500000E+00   4.206887295800000E-01
 -3.817333343400000E+00   3.511973686700000E-03   1.530432875700000E-01   3.453463124600000E+00   4.206606150000000E-01
 -3.803785025400001E+00   3.583509177800000E-03   1.548963603500000E-01   3.443609105000000E+00   4.206321067000000E-01
 -3.790326348800001E+00   3.655689409700000E-03   1.567552103700000E-01   3.433724538200000E+00   4.206033936700000E-01
 -3.776867672400001E+00   3.728990334300000E-03   1.586320954200000E-01   3.423744643700000E+00   4.205742851200000E-01
 -3.763408995800001E+00   3.803417927400000E-03   1.605270691400000E-01   3.413669554500000E+00   4.205447775900000E-01
 -3.749950319399999E+00   3.878977789300000E-03   1.624401819000000E-01   3.403499437200000E+00   4.205148677000000E-01
 -3.736536451600000E+00   3.955417886700000E-03   1.643650205500000E-01   3.393268825100000E+00   4.204846536500000E-01
 -3.723122583600000E+00   4.032992664600000E-03   1.663079675600000E-01   3.382944248300000E+00   4.204540332400000E-01
 -3.709708715800000E+00   4.111706471500000E-03   1.682690626700000E-01   3.372525974000000E+00   4.204230031900000E-01
 -3.696294848000000E+00   4.191563231100000E-03   1.702483420700000E-01   3.362014304000000E+00   4.203915602600000E-01
 -3.682873781000000E+00   4.272610211200000E-03   1.722469152900000E-01   3.351403858900000E+00   4.203596840500000E-01
 -3.669452714000000E+00   4.354807899500000E-03   1.742637539200000E-01   3.340700628000000E+00   4.203273881600000E-01
 -3.656031647200000E+00   4.438158867300000E-03   1.762988831800000E-01   3.329905020300000E+00   4.202946694700000E-01
 -3.642610580200000E+00   4.522665206700000E-03   1.783523244200000E-01   3.319017480600000E+00   4.202615249100000E-01
 -3.629119104400000E+00   4.608780972800000E-03   1.804350123000000E-01   3.307980652600000E+00   4.202277741700000E-01
 -3.615627628600000E+00   4.696066992500000E-03   1.825362361800000E-01   3.296851937800000E+00   4.201935869700000E-01
 -3.602136152800000E+00   4.784523847000000E-03   1.846560056700000E-01   3.285631899500000E+00   4.201589603300000E-01
 -3.588644677000000E+00   4.874151575200000E-03   1.867943261600000E-01   3.274321138800000E+00   4.201238913200000E-01
 -3.575000108000000E+00   4.965986698000000E-03   1.889757801700000E-01   3.262790409600000E+00   4.200879714800000E-01
 -3.561355539000000E+00   5.059017769300000E-03   1.911762064800000E-01   3.251168240100000E+00   4.200515932700000E-01
 -3.547710969800000E+00   5.153243061000000E-03   1.933955971900000E-01   3.239455369400000E+00   4.200147538200000E-01
 -3.534066400800000E+00   5.248660227400000E-03   1.956339398100000E-01   3.227652575900000E+00   4.199774503100000E-01
 -3.520147822800000E+00   5.347218480800000E-03   1.979367413400000E-01   3.215520958500000E+00   4.199389166600000E-01
 -3.506229244800000E+00   5.447010016700000E-03   2.002592222900000E-01   3.203297531400000E+00   4.198998943700000E-01
 -3.492310666800000E+00   5.548030282200000E-03   2.026013540900000E-01   3.190983246500000E+00   4.198603806100000E-01
 -3.478392088800000E+00   5.650274005800000E-03   2.049631028800000E-01   3.178579098000000E+00   4.198203726300000E-01
 -3.463991344400000E+00   5.757341021200000E-03   2.074272735800000E-01   3.165651761600000E+00   4.197784556500000E-01
 -3.449590600000000E+00   5.865703820600000E-03   2.099123525600000E-01   3.152630530200000E+00   4.197360038300000E-01
 -3.435189855400000E+00   5.975354062600000E-03   2.124182841600000E-01   3.139516644000000E+00   4.196930143500000E-01
 -3.420789111000000E+00   6.086282534000000E-03   2.149450064700000E-01   3.126311389900000E+00   4.196494844500000E-01
 -3.405334877200000E+00   6.206736391600000E-03   2.176796215600000E-01   3.112039983400000E+00   4.196021658800000E-01
 -3.389880643400000E+00   6.328637080400000E-03   2.204380094200000E-01   3.097666591400000E+00   4.195542186200000E-01
 -3.374426409600000E+00   6.451969785900000E-03   2.232200691200000E-01   3.083192976900000E+00   4.195056395500000E-01
 -3.358972175800000E+00   6.576718487800000E-03   2.260256912300000E-01   3.068620960400000E+00   4.194564256300000E-01
 -3.342482374800000E+00   6.711368478900000E-03   2.290451647100000E-01   3.052966096200000E+00   4.194032105700000E-01
 -3.325992573800000E+00   6.847588480400000E-03   2.320911755900000E-01   3.037203687200000E+00   4.193492659700000E-01
 -3.309502772800000E+00   6.985354423200000E-03   2.351635585800000E-01   3.021336151600000E+00   4.192945885100000E-01
 -3.293012971800000E+00   7.124640636600000E-03   2.382621372200000E-01   3.005365974700000E+00   4.192391749900000E-01
 -3.277109715199999E+00   7.260387020000000E-03   2.412751380200000E-01   2.989869016100000E+00   4.191850324100000E-01
 -3.261206458600000E+00   7.397496197700000E-03   2.443121514100000E-01   2.974281303400000E+00   4.191301996900000E-01
 -3.245303202000001E+00   7.535940893700000E-03   2.473729895900000E-01   2.958605231600000E+00   4.190746742600000E-01
 -3.229399945400000E+00   7.675692443500000E-03   2.504574551100000E-01   2.942843245900000E+00   4.190184536500000E-01
 -3.213171539800000E+00   7.819617286300000E-03   2.536291258400000E-01   2.926673020500000E+00   4.189603644800000E-01
 -3.196943134000000E+00   7.964838263300000E-03   2.568249540700000E-01   2.910418626400000E+00   4.189015465200000E-01
 -3.180714728400000E+00   8.111320482000001E-03   2.600446992700000E-01   2.894082808000000E+00   4.188419974200000E-01
 -3.164486322600000E+00   8.259027577400000E-03   2.632881107100000E-01   2.877668353600000E+00   4.187817149300000E-01
 -3.148613174400000E+00   8.404649836699999E-03   2.664831646700000E-01   2.861539874400000E+00   4.187220405100000E-01
 -3.132740026000000E+00   8.551371021100001E-03   2.697003571000000E-01   2.845341555100000E+00   4.186616604100000E-01
 -3.116866877800000E+00   8.699153099799999E-03   2.729394255200000E-01   2.829076111500000E+00   4.186005727400000E-01
 -3.100993729600000E+00   8.847956758599999E-03   2.762000984600000E-01   2.812746289400000E+00   4.185387756500000E-01
 -3.084200577600000E+00   9.006452103400000E-03   2.796729670600000E-01   2.795402988500000E+00   4.184726225600000E-01
 -3.067407425599999E+00   9.165995886799999E-03   2.831693606500000E-01   2.777994047000000E+00   4.184056713800000E-01
 -3.050614273600000E+00   9.326537030100000E-03   2.866889258300000E-01   2.760522804900000E+00   4.183379201000000E-01
 -3.033821121800000E+00   9.488022970600000E-03   2.902312986300000E-01   2.742992625100000E+00   4.182693667800000E-01
 -3.019075968600000E+00   9.630551290800000E-03   2.933601725500000E-01   2.727554408800000E+00   4.182085110300000E-01
 -3.004330815600000E+00   9.773728940400000E-03   2.965060819400000E-01   2.712075661100000E+00   4.181470341500000E-01
 -2.989585662600000E+00   9.917517653799999E-03   2.996687609500000E-01   2.696558689400000E+00   4.180849348800000E-01
 -2.974840509600000E+00   1.006187837800000E-02   3.028479379500000E-01   2.681005806100000E+00   4.180222119500000E-01
 -2.961136426400000E+00   1.019652463600000E-02   3.058172008500000E-01   2.666520851700000E+00   4.179633572500000E-01
 -2.947432343200000E+00   1.033159806100000E-02   3.088002478800000E-01   2.652008738900000E+00   4.179039617300000E-01
 -2.933728259800001E+00   1.046706558800000E-02   3.117968480600000E-01   2.637471328000000E+00   4.178440243600000E-01
 -2.920024176600000E+00   1.060289364000000E-02   3.148067664700000E-01   2.622910477700000E+00   4.177835441000000E-01
 -2.906966681399999E+00   1.073261725300000E-02   3.176868423300000E-01   2.609016532500000E+00   4.177254114000000E-01
 -2.893909186000000E+00   1.086260737900000E-02   3.205785828200000E-01   2.595104594400000E+00   4.176667839400000E-01
 -2.880851690800000E+00   1.099283378100000E-02   3.234817752000000E-01   2.581176260700000E+00   4.176076607900000E-01
 -2.867794195600000E+00   1.112326586700000E-02   3.263962038300000E-01   2.567233123200000E+00   4.175480409700000E-01
 -2.855047776600000E+00   1.125075939100000E-02   3.292518291700000E-01   2.553609399700000E+00   4.174893614900000E-01
 -2.842301357800000E+00   1.137839038100000E-02   3.321177478000000E-01   2.539974548100000E+00   4.174302068200000E-01
 -2.829554938999999E+00   1.150612950200000E-02   3.349937515400000E-01   2.526330028700000E+00   4.173705759900000E-01
 -2.816808520000000E+00   1.163394716100000E-02   3.378796298900000E-01   2.512677293400000E+00   4.173104679800000E-01
 -2.804317267400001E+00   1.175925352800000E-02   3.407171118300000E-01   2.499291287000000E+00   4.172510992800000E-01
 -2.791826015000000E+00   1.188457838500000E-02   3.435636703600000E-01   2.485900123900000E+00   4.171912702900000E-01
 -2.779334762400000E+00   1.200989325800000E-02   3.464191012900000E-01   2.472505142200000E+00   4.171309799200000E-01
 -2.766843509800000E+00   1.213516949600000E-02   3.492831985500000E-01   2.459107669200000E+00   4.170702270900000E-01
 -2.754545193200000E+00   1.225844501300000E-02   3.521113224800000E-01   2.445915974800000E+00   4.170099596900000E-01
 -2.742246876399999E+00   1.238162752300000E-02   3.549474456700000E-01   2.432724385600000E+00   4.169492417300000E-01
 -2.729948559800000E+00   1.250468927600000E-02   3.577913666600000E-01   2.419534134400000E+00   4.168880720200000E-01
 -2.717650243200000E+00   1.262760241700000E-02   3.606428825000000E-01   2.406346441000000E+00   4.168264493200000E-01
 -2.705522395400000E+00   1.274863906500000E-02   3.634621115700000E-01   2.393345225400000E+00   4.167652359000000E-01
 -2.693394547400000E+00   1.286947714500000E-02   3.662883305300000E-01   2.380348815300000E+00   4.167035793900000E-01
 -2.681266699600000E+00   1.299008973100000E-02   3.691213410400000E-01   2.367358341400000E+00   4.166414784400000E-01
 -2.669138851800001E+00   1.311044985400000E-02   3.719609436500000E-01   2.354374920800000E+00   4.165789316300000E-01
 -2.657063396000000E+00   1.323001240600000E-02   3.747946297600000E-01   2.341455689900000E+00   4.165162105800000E-01
 -2.644987940200000E+00   1.334927123900000E-02   3.776344535400000E-01   2.328545618200000E+00   4.164530445300000E-01
 -2.632912484599999E+00   1.346819968900000E-02   3.804802152900000E-01   2.315645764600000E+00   4.163894318800000E-01
 -2.620837028800000E+00   1.358677110300000E-02   3.833317144800000E-01   2.302757172200000E+00   4.163253709700000E-01
 -2.608804439000000E+00   1.370454001900000E-02   3.861785982800000E-01   2.289926554500000E+00   4.162610898600000E-01
 -2.596771849200000E+00   1.382190168800000E-02   3.890307792100000E-01   2.277109139200000E+00   4.161963601500000E-01
 -2.584739259400000E+00   1.393882986200000E-02   3.918880568700000E-01   2.264305910500000E+00   4.161311799600000E-01
 -2.572706669600000E+00   1.405529835700000E-02   3.947502303300000E-01   2.251517836100000E+00   4.160655473400000E-01
 -2.560686504600000E+00   1.417116156300000E-02   3.976141354700000E-01   2.238759046500000E+00   4.159995287200000E-01
 -2.548666339800000E+00   1.428651405500000E-02   4.004825241100000E-01   2.226017259200000E+00   4.159330544500000E-01
 -2.536646175000000E+00   1.440133000600000E-02   4.033551947300000E-01   2.213293387300000E+00   4.158661223100000E-01
 -2.524626010000000E+00   1.451558370900000E-02   4.062319455000000E-01   2.200588326200000E+00   4.157987299900000E-01
 -2.512581913600000E+00   1.462947528000000E-02   4.091183133200000E-01   2.187877717400000E+00   4.157307395300000E-01
 -2.500537817200001E+00   1.474275108900000E-02   4.120083713500000E-01   2.175187739300000E+00   4.156622821300000E-01
 -2.488493721000000E+00   1.485538570100000E-02   4.149019161100000E-01   2.162519237500000E+00   4.155933551500000E-01
 -2.476449624600000E+00   1.496735385100000E-02   4.177987441000000E-01   2.149873038800000E+00   4.155239558700000E-01
 -2.464337244800000E+00   1.507925931100000E-02   4.207151011300000E-01   2.137178452400000E+00   4.154536839300000E-01
 -2.452224865000000E+00   1.519044003800000E-02   4.236343660700000E-01   2.124508041800000E+00   4.153829284200000E-01
 -2.440112485200000E+00   1.530087092000000E-02   4.265563322400000E-01   2.111862589200000E+00   4.153116862100000E-01
 -2.428000105200000E+00   1.541052706500000E-02   4.294807931500000E-01   2.099242857100000E+00   4.152399540300000E-01
 -2.415785223800000E+00   1.552030153600000E-02   4.324323195500000E-01   2.086543131500000E+00   4.151671151700000E-01
 -2.403570342400000E+00   1.562923797600000E-02   4.353859622500000E-01   2.073871059100000E+00   4.150937709700000E-01
 -2.391355460800000E+00   1.573731160400000E-02   4.383415105300000E-01   2.061227359600000E+00   4.150199176600000E-01
 -2.379140579400000E+00   1.584449791000000E-02   4.412987541400000E-01   2.048612731500000E+00   4.149455513500000E-01
 -2.366780245600000E+00   1.595203257800000E-02   4.442927234100000E-01   2.035878176300000E+00   4.148697731600000E-01
 -2.354419912000000E+00   1.605860906500000E-02   4.472879971900000E-01   2.023174762900000E+00   4.147934611700000E-01
 -2.342059578200000E+00   1.616420289700000E-02   4.502843594600000E-01   2.010503149200000E+00   4.147166108600000E-01
 -2.329699244400000E+00   1.626878993000000E-02   4.532815949700000E-01   1.997863970900000E+00   4.146392175600000E-01
 -2.317138799200000E+00   1.637401430900000E-02   4.563280287800000E-01   1.985054026000000E+00   4.145600099900000E-01
 -2.304578354200000E+00   1.647814983300000E-02   4.593749186700000E-01   1.972278829000000E+00   4.144802313900000E-01
 -2.292017909200000E+00   1.658117228000000E-02   4.624220414600000E-01   1.959538976700000E+00   4.143998762500000E-01
 -2.279457464000000E+00   1.668305781800000E-02   4.654691750000000E-01   1.946835042400000E+00   4.143189389000000E-01
 -2.266619750799999E+00   1.678599323300000E-02   4.685833540900000E-01   1.933888360700000E+00   4.142356071200000E-01
 -2.253782037600000E+00   1.688769195300000E-02   4.716970786700000E-01   1.920980336200000E+00   4.141516544600000E-01
 -2.240944324200000E+00   1.698812987100000E-02   4.748101152500000E-01   1.908111505600000E+00   4.140670742000000E-01
 -2.228106611000000E+00   1.708728335300000E-02   4.779222317100000E-01   1.895282380200000E+00   4.139818593300000E-01
 -2.214829306200000E+00   1.718845627000000E-02   4.811397005500000E-01   1.882056242300000E+00   4.138930512700000E-01
 -2.201552001400000E+00   1.728820544400000E-02   4.843556849200000E-01   1.868873605600000E+00   4.138035484100000E-01
 -2.188274696600000E+00   1.738650637400000E-02   4.875699330600000E-01   1.855734952100000E+00   4.137133421800000E-01
 -2.174997392000000E+00   1.748333513600000E-02   4.907821950700000E-01   1.842640736200000E+00   4.136224237300000E-01
 -2.160847251000000E+00   1.758488256200000E-02   4.942031625800000E-01   1.828735115400000E+00   4.135247341000000E-01
 -2.146697110200000E+00   1.768470389300000E-02   4.976212947700000E-01   1.814880933900000E+00   4.134262136700000E-01
 -2.132546969200000E+00   1.778277240100000E-02   5.010362965000000E-01   1.801078640200000E+00   4.133268505700000E-01
 -2.118396828400000E+00   1.787906214200000E-02   5.044478752900000E-01   1.787328648600000E+00   4.132266325300000E-01
 -2.103367988800000E+00   1.797935532600000E-02   5.080672349299999E-01   1.772782507100000E+00   4.131192407100000E-01
 -2.088339149000000E+00   1.807758446800000E-02   5.116820628900000E-01   1.758296211000000E+00   4.130108544400000E-01
 -2.073310309400000E+00   1.817372146200000E-02   5.152920192400000E-01   1.743870136100000E+00   4.129014574700000E-01
 -2.058281469600000E+00   1.826773924400000E-02   5.188967678200000E-01   1.729504618600000E+00   4.127910329800000E-01
 -2.044086285800000E+00   1.835457221400000E-02   5.222964774900000E-01   1.715991842700000E+00   4.126857745600000E-01
 -2.029891102000000E+00   1.843947028000000E-02   5.256909678700000E-01   1.702533577700000E+00   4.125795688900000E-01
 -2.015695918400000E+00   1.852241322900000E-02   5.290799653900000E-01   1.689130014600000E+00   4.124724004600000E-01
 -2.001500734600000E+00   1.860338169600000E-02   5.324631997400000E-01   1.675781316500000E+00   4.123642532900000E-01
 -1.987717748600000E+00   1.868009214900000E-02   5.357424245700000E-01   1.662872863000000E+00   4.122582944000000E-01
 -1.973934762400000E+00   1.875490748900000E-02   5.390157229200000E-01   1.650016363100000E+00   4.121513818700000E-01
 -1.960151776400000E+00   1.882781229900000E-02   5.422828564000000E-01   1.637211895400000E+00   4.120434998500000E-01
 -1.946368790400000E+00   1.889879192300000E-02   5.455435896900001E-01   1.624459516700000E+00   4.119346321100000E-01
 -1.932682859800000E+00   1.896735311600000E-02   5.487747999100000E-01   1.611848512800000E+00   4.118255392400000E-01
 -1.918996929400000E+00   1.903398958200000E-02   5.519992464800000E-01   1.599288919900000E+00   4.117154414100000E-01
 -1.905310998800001E+00   1.909868920400000E-02   5.552167081600000E-01   1.586780737100000E+00   4.116043216000000E-01
 -1.891625068400000E+00   1.916144060300000E-02   5.584269668300000E-01   1.574323946500000E+00   4.114921623800000E-01
 -1.877799946199999E+00   1.922284132300000E-02   5.616623428200000E-01   1.561792609800000E+00   4.113777890300000E-01
 -1.863974824200000E+00   1.928223292700000E-02   5.648899307300000E-01   1.549313631500000E+00   4.112623181900000E-01
 -1.850149702200000E+00   1.933960597100000E-02   5.681095154700000E-01   1.536886947700000E+00   4.111457307800000E-01
 -1.836324580000001E+00   1.939495177600000E-02   5.713208852800000E-01   1.524512481100000E+00   4.110280074000000E-01
 -1.821739678199999E+00   1.945113304400000E-02   5.746996060500000E-01   1.511514460000000E+00   4.109025612100000E-01
 -1.807154776400000E+00   1.950504093400000E-02   5.780687115199999E-01   1.498574337300000E+00   4.107758051600000E-01
 -1.792569874600000E+00   1.955666799000000E-02   5.814279652000000E-01   1.485691984600000E+00   4.106477152600000E-01
 -1.777984972800000E+00   1.960600767700000E-02   5.847771347600000E-01   1.472867264300000E+00   4.105182671500000E-01
 -1.763867395599999E+00   1.965158253800000E-02   5.880091717100000E-01   1.460508224000000E+00   4.103916498600000E-01
 -1.749749818400000E+00   1.969500472900000E-02   5.912313435200000E-01   1.448202907500000E+00   4.102637141700000E-01
 -1.735632241200000E+00   1.973627077000000E-02   5.944434507500000E-01   1.435951173200000E+00   4.101344371100000E-01
 -1.721514664000000E+00   1.977537797500000E-02   5.976452976700000E-01   1.423752877300000E+00   4.100037954900000E-01
 -1.707153981200000E+00   1.981294172900000E-02   6.008915555900000E-01   1.411399203100000E+00   4.098694800500000E-01
 -1.692793298400000E+00   1.984826851200000E-02   6.041267999100000E-01   1.399100521900000E+00   4.097337036000000E-01
 -1.678432615600000E+00   1.988135797200000E-02   6.073508363800000E-01   1.386856684600000E+00   4.095964411500000E-01
 -1.664071932800000E+00   1.991221057600000E-02   6.105634747300001E-01   1.374667546000000E+00   4.094576675800000E-01
 -1.650523708600000E+00   1.993926821400000E-02   6.135837406500000E-01   1.363218029600000E+00   4.093253371800000E-01
 -1.636975484400000E+00   1.996433779600000E-02   6.165935425400000E-01   1.351816962600000E+00   4.091916181500000E-01
 -1.623427260400000E+00   1.998742167600000E-02   6.195927302799999E-01   1.340464241500000E+00   4.090564892600000E-01
 -1.609879036200000E+00   2.000852283300000E-02   6.225811568300000E-01   1.329159770700000E+00   4.089199293000000E-01
 -1.596550363000000E+00   2.002735074400000E-02   6.255105147800000E-01   1.318085490700000E+00   4.087841653100000E-01
 -1.583221689600000E+00   2.004426715100000E-02   6.284291840000000E-01   1.307057754800000E+00   4.086469757200000E-01
 -1.569893016200000E+00   2.005927662100000E-02   6.313370332000000E-01   1.296076502600000E+00   4.085083405700000E-01
 -1.556564343000000E+00   2.007238427600000E-02   6.342339339500001E-01   1.285141685700000E+00   4.083682400600000E-01
 -1.543124968200000E+00   2.008368099000000E-02   6.371436822000000E-01   1.274163028900000E+00   4.082254723400000E-01
 -1.529685593400000E+00   2.009305632100000E-02   6.400420458200000E-01   1.263231524300000E+00   4.080811749800000E-01
 -1.516246218600000E+00   2.010051721000000E-02   6.429289018700000E-01   1.252347165700000E+00   4.079353283200000E-01
 -1.502806843800000E+00   2.010607114500000E-02   6.458041302600001E-01   1.241509963700000E+00   4.077879130600000E-01
 -1.489354698000001E+00   2.010972873300000E-02   6.486703292500000E-01   1.230709714800000E+00   4.076387678300000E-01
 -1.475902552000000E+00   2.011149238500000E-02   6.515246463000000E-01   1.219956786100000E+00   4.074880133100000E-01
 -1.462450406000000E+00   2.011137122600000E-02   6.543669695200000E-01   1.209251242600000E+00   4.073356312700000E-01
 -1.448998260000000E+00   2.010937490400000E-02   6.571971897900000E-01   1.198593169600000E+00   4.071816039400000E-01
 -1.436143779200000E+00   2.010572458500000E-02   6.598902600400000E-01   1.188453074300000E+00   4.070328667200000E-01
 -1.423289298400000E+00   2.010038060900000E-02   6.625720913499999E-01   1.178356531100000E+00   4.068825968000000E-01
 -1.410434817600000E+00   2.009335269800000E-02   6.652425955600000E-01   1.168303667900000E+00   4.067307800800000E-01
 -1.397580336799999E+00   2.008465098500000E-02   6.679016867399999E-01   1.158294631100000E+00   4.065774029900000E-01
 -1.384926535800000E+00   2.007446055200000E-02   6.705080366300000E-01   1.148484817400000E+00   4.064248837200000E-01
 -1.372272734600000E+00   2.006266881500000E-02   6.731031682100000E-01   1.138717807500000E+00   4.062708279800000E-01
 -1.359618933600000E+00   2.004928657600000E-02   6.756870057800000E-01   1.128993794600000E+00   4.061152245200000E-01
 -1.346965132400000E+00   2.003432499700000E-02   6.782594756400000E-01   1.119312989900000E+00   4.059580627200000E-01
 -1.334332252200000E+00   2.001782421700000E-02   6.808162813900001E-01   1.109691520900000E+00   4.057995963500000E-01
 -1.321699372000000E+00   1.999977261200000E-02   6.833616162100000E-01   1.100113592500000E+00   4.056395576200000E-01
 -1.309066491799999E+00   1.998018233600000E-02   6.858954127000000E-01   1.090579469300000E+00   4.054779380000000E-01
 -1.296433611600000E+00   1.995906588000000E-02   6.884176053800000E-01   1.081089433600000E+00   4.053147297200000E-01
 -1.283631556400000E+00   1.993612280500000E-02   6.909616712700000E-01   1.071517595400000E+00   4.051477079100000E-01
 -1.270829501200000E+00   1.991163925000000E-02   6.934936910000000E-01   1.061991672300000E+00   4.049790409400000E-01
 -1.258027446000000E+00   1.988562923000000E-02   6.960136023300000E-01   1.052512013300000E+00   4.048087232100000E-01
 -1.245225390800000E+00   1.985810708600000E-02   6.985213449300000E-01   1.043078985000000E+00   4.046367500400000E-01
 -1.231935160800000E+00   1.982795145100000E-02   7.011117779600000E-01   1.033335995000000E+00   4.044564637300000E-01
 -1.218644930800000E+00   1.979619873700000E-02   7.036889704200000E-01   1.023644123100000E+00   4.042743861300000E-01
 -1.205354700800000E+00   1.976286605800000E-02   7.062528612800000E-01   1.014003837200000E+00   4.040905152500000E-01
 -1.192064470800001E+00   1.972797087300000E-02   7.088033916499999E-01   1.004415623700000E+00   4.039048502500000E-01
 -1.177232696600000E+00   1.968720513200000E-02   7.116339155300000E-01   9.937773665600000E-01   4.036955319700000E-01
 -1.162400922400000E+00   1.964454077500000E-02   7.144476532100000E-01   9.832053145000000E-01   4.034839820000000E-01
 -1.147569148200001E+00   1.960000350500000E-02   7.172445319800000E-01   9.727002159300000E-01   4.032702045300000E-01
 -1.132737374200000E+00   1.955361949800000E-02   7.200244822200000E-01   9.622628415900000E-01   4.030542057200000E-01
 -1.119485824599999E+00   1.951063702700000E-02   7.224938741700000E-01   9.529954288800000E-01   4.028593477800000E-01
 -1.106234275200000E+00   1.946622091800000E-02   7.249496541300000E-01   9.437832863300000E-01   4.026627302500000E-01
 -1.092982725600000E+00   1.942039073200000E-02   7.273917786000000E-01   9.346270012600000E-01   4.024643616000000E-01
 -1.079731176199999E+00   1.937316629100000E-02   7.298202059800000E-01   9.255271703100000E-01   4.022642515800000E-01
 -1.067134738400000E+00   1.932700219800000E-02   7.321158457300000E-01   9.169300923300000E-01   4.020724300500000E-01
 -1.054538300600000E+00   1.927961387300000E-02   7.343990406100001E-01   9.083850961800000E-01   4.018790556700000E-01
 -1.041941862800000E+00   1.923101894400000E-02   7.366697594900000E-01   8.998927113600000E-01   4.016841401400000E-01
 -1.029345425000000E+00   1.918123521800000E-02   7.389279726800000E-01   8.914534707700000E-01   4.014876962300000E-01
 -1.017011664200000E+00   1.913135507400000E-02   7.411269503400000E-01   8.832422243400000E-01   4.012938812100000E-01
 -1.004677903200000E+00   1.908036946000000E-02   7.433138861500000E-01   8.750829455800000E-01   4.010986281400000E-01
 -9.923441422000001E-01   1.902829554600000E-02   7.454887562300000E-01   8.669761381700000E-01   4.009019519900000E-01
 -9.800103814000005E-01   1.897515063700000E-02   7.476515379499999E-01   8.589223048900000E-01   4.007038687000000E-01
 -9.677250814000005E-01   1.892116715400000E-02   7.497937833700000E-01   8.509532760000000E-01   4.005051816500000E-01
 -9.554397816000004E-01   1.886615571300000E-02   7.519239941700000E-01   8.430377951100000E-01   4.003051329200000E-01
 -9.431544818000004E-01   1.881013376500000E-02   7.540421517000000E-01   8.351763506200000E-01   4.001037411300000E-01
 -9.308691820000004E-01   1.875311886300000E-02   7.561482385100000E-01   8.273694261200000E-01   3.999010257600000E-01
 -9.182936046000001E-01   1.869374681100000E-02   7.582915691900000E-01   8.194350055800000E-01   3.996921710900000E-01
 -9.057180269999998E-01   1.863337184200000E-02   7.604222188300001E-01   8.115587179700000E-01   3.994819738200000E-01
 -8.931424493999995E-01   1.857201306400000E-02   7.625401725600000E-01   8.037410601600000E-01   3.992704577700000E-01
 -8.805668720000004E-01   1.850968966200000E-02   7.646454168000000E-01   7.959825196200000E-01   3.990576476900000E-01
 -8.681124661999995E-01   1.844703496500000E-02   7.667178374800000E-01   7.883574707300000E-01   3.988456379900000E-01
 -8.556580605999997E-01   1.838347178600000E-02   7.687777695500000E-01   7.807913257100000E-01   3.986324100600000E-01
 -8.432036549999999E-01   1.831901893600000E-02   7.708252034600001E-01   7.732845250400000E-01   3.984179905400000E-01
 -8.307492494000002E-01   1.825369526200000E-02   7.728601308100000E-01   7.658374964300000E-01   3.982024069000000E-01
 -8.185135889999995E-01   1.818868917700000E-02   7.748471313700001E-01   7.585798727400000E-01   3.979895033800000E-01
 -8.062779287999999E-01   1.812287874200000E-02   7.768220481400000E-01   7.513807189700000E-01   3.977755310100000E-01
 -7.940422684000004E-01   1.805628189800000E-02   7.787848764600001E-01   7.442404002100000E-01   3.975605179300000E-01
 -7.818066079999997E-01   1.798891659500000E-02   7.807356127400000E-01   7.371592667500000E-01   3.973444929900000E-01
 -7.697853771999996E-01   1.792200086800000E-02   7.826403839500000E-01   7.302601928100000E-01   3.971312969500000E-01
 -7.577641463999996E-01   1.785437772200000E-02   7.845334793900000E-01   7.234188738300000E-01   3.969171811100000E-01
 -7.457429155999995E-01   1.778606415900000E-02   7.864148986300000E-01   7.166355969400000E-01   3.967021745000000E-01
 -7.337216848000006E-01   1.771707716100000E-02   7.882846422100001E-01   7.099106333600000E-01   3.964863066200000E-01
 -7.217330432000002E-01   1.764762335700000E-02   7.901376902300000E-01   7.032622310400000E-01   3.962701960700000E-01
 -7.097444015999999E-01   1.757753341300000E-02   7.919791297700000E-01   6.966723160900000E-01   3.960532889700000E-01
 -6.977557599999995E-01   1.750682407600000E-02   7.938089642000000E-01   6.901411078500000E-01   3.958356159500000E-01
 -6.857671184000003E-01   1.743551204500000E-02   7.956271978500000E-01   6.836688083700000E-01   3.956172080300000E-01
 -6.736959919999996E-01   1.736311730400000E-02   7.974462259600000E-01   6.772116828700000E-01   3.953965866700000E-01
 -6.616248656000001E-01   1.729014536500000E-02   7.992535047700000E-01   6.708146368100000E-01   3.951752844300000E-01
 -6.495537391999995E-01   1.721661310000000E-02   8.010490415500000E-01   6.644778218400000E-01   3.949533339900000E-01
 -6.374826130000000E-01   1.714253731000000E-02   8.028328445100000E-01   6.582013709500000E-01   3.947307683000000E-01
 -6.252183580000004E-01   1.706673694500000E-02   8.046331794200000E-01   6.518864397500000E-01   3.945040458500000E-01
 -6.129541031999997E-01   1.699041024100000E-02   8.064214220800000E-01   6.456340371100000E-01   3.942767576500000E-01
 -6.006898484000001E-01   1.691357455400000E-02   8.081975840600000E-01   6.394442424600000E-01   3.940489389700000E-01
 -5.884255936000005E-01   1.683624714200000E-02   8.099616779100000E-01   6.333171149400000E-01   3.938206252700000E-01
 -5.758410319999996E-01   1.675640699100000E-02   8.117593139600000E-01   6.270951487100000E-01   3.935858714100000E-01
 -5.632564703999998E-01   1.667608556500000E-02   8.135442732200000E-01   6.209392262700000E-01   3.933506723500000E-01
 -5.506719086000000E-01   1.659530114300000E-02   8.153165724300000E-01   6.148493450300000E-01   3.931150667700000E-01
 -5.380873470000003E-01   1.651407186900000E-02   8.170762294100000E-01   6.088254801200000E-01   3.928790933600000E-01
 -5.249667422000004E-01   1.642892836900000E-02   8.188973984600000E-01   6.026152700400000E-01   3.926327187600000E-01
 -5.118461372000005E-01   1.634334111200000E-02   8.207048684600000E-01   5.964766902200000E-01   3.923860302900000E-01
 -4.987255321999995E-01   1.625733014700000E-02   8.224986632500000E-01   5.904096365000000E-01   3.921390717700000E-01
 -4.856049273999996E-01   1.617091533800000E-02   8.242788078700000E-01   5.844139795100000E-01   3.918918869100000E-01
 -4.711854890000000E-01   1.607550380400000E-02   8.262194597800000E-01   5.779069646400000E-01   3.916200236100000E-01
 -4.567660506000004E-01   1.597965409900000E-02   8.281436935299999E-01   5.714857558500001E-01   3.913479971600000E-01
 -4.423466121999997E-01   1.588339175200000E-02   8.300515474200000E-01   5.651500794200000E-01   3.910758648400000E-01
 -4.279271738000001E-01   1.578674198600000E-02   8.319430614400000E-01   5.588996275000000E-01   3.908036835400000E-01
 -4.134079205999996E-01   1.568905696200000E-02   8.338312012900000E-01   5.526916743800000E-01   3.905296258600000E-01
 -3.988886676000003E-01   1.559102948500000E-02   8.357028608700000E-01   5.465694021900001E-01   3.902556329600000E-01
 -3.843694145999998E-01   1.549268430900000E-02   8.375580862300001E-01   5.405323971100000E-01   3.899817614700000E-01
 -3.698501616000005E-01   1.539404584300000E-02   8.393969250900000E-01   5.345802140000000E-01   3.897080674100000E-01
 -3.562723627999997E-01   1.530155919100000E-02   8.411017469299999E-01   5.290903108300000E-01   3.894523297400000E-01
 -3.426945642000001E-01   1.520885647600000E-02   8.427923233500000E-01   5.236737586800000E-01   3.891968404400000E-01
 -3.291167654000005E-01   1.511595680800000E-02   8.444686973400000E-01   5.183301241200000E-01   3.889416436800000E-01
 -3.155389667999997E-01   1.502287901100000E-02   8.461309131000000E-01   5.130589529400000E-01   3.886867830700000E-01
 -3.023407369999997E-01   1.493225009200000E-02   8.477331345200000E-01   5.080041409900000E-01   3.884394101300000E-01
 -2.891425069999998E-01   1.484148715200000E-02   8.493220640000000E-01   5.030168969700000E-01   3.881924343300000E-01
 -2.759442771999998E-01   1.475060669500000E-02   8.508977454200000E-01   4.980967519100000E-01   3.879458939800000E-01
 -2.627460473999998E-01   1.465962496700000E-02   8.524602237300000E-01   4.932432212600000E-01   3.876998267700000E-01
 -2.496483410000006E-01   1.456925183600000E-02   8.539977941900000E-01   4.884920200500000E-01   3.874561380200000E-01
 -2.365506344000001E-01   1.447881006800000E-02   8.555224530800000E-01   4.838054287900000E-01   3.872129873200000E-01
 -2.234529279999997E-01   1.438831476200000E-02   8.570342472600000E-01   4.791829327700000E-01   3.869704096200000E-01
 -2.103552214000004E-01   1.429778076000000E-02   8.585332246000000E-01   4.746240050500000E-01   3.867284392000000E-01
 -1.972203774000003E-01   1.420696584700000E-02   8.600236298000000E-01   4.701154483500000E-01   3.864864263300000E-01
 -1.840855332000002E-01   1.411614111800000E-02   8.615012445500000E-01   4.656697252100000E-01   3.862450911900000E-01
 -1.709506890000001E-01   1.402532074800000E-02   8.629661198800000E-01   4.612862713000000E-01   3.860044662800000E-01
 -1.578158448000000E-01   1.393451864500000E-02   8.644183077499999E-01   4.569645126800000E-01   3.857645833900000E-01
 -1.445373057999999E-01   1.384275565500000E-02   8.658735399800001E-01   4.526575908100000E-01   3.855228621200000E-01
 -1.312587665999998E-01   1.375103909700000E-02   8.673159150999999E-01   4.484125149400000E-01   3.852819622800000E-01
 -1.179802275999997E-01   1.365938251600000E-02   8.687454894500000E-01   4.442286663600000E-01   3.850419144500000E-01
 -1.047016883999996E-01   1.356779917800000E-02   8.701623202600000E-01   4.401054191500000E-01   3.848027484200000E-01
 -9.114292899999987E-02   1.347437221000000E-02   8.715959613900000E-01   4.359570338400000E-01   3.845594752800000E-01
 -7.758416960000014E-02   1.338104868900000E-02   8.730164387100000E-01   4.318704952200000E-01   3.843171818600000E-01
 -6.402541020000041E-02   1.328784185400000E-02   8.744238158199999E-01   4.278451177600000E-01   3.840758973700000E-01
 -5.046665079999957E-02   1.319476464500000E-02   8.758181571500000E-01   4.238802108400000E-01   3.838356501600000E-01
 -3.633224420000025E-02   1.309788742500000E-02   8.772578890700000E-01   4.198105964500000E-01   3.835863370300000E-01
 -2.219783779999984E-02   1.300117879900000E-02   8.786836006600000E-01   4.158051491700000E-01   3.833382111600000E-01
 -8.063431200000526E-03   1.290465241200000E-02   8.800953677400000E-01   4.118630736900000E-01   3.830913017100000E-01
  6.070975400001011E-03   1.280832156300000E-02   8.814932670200000E-01   4.079835717700000E-01   3.828456368300000E-01
  2.118057759999958E-02   1.270557532000000E-02   8.829723653800000E-01   4.039046984400000E-01   3.825844294600000E-01
  3.629017960000036E-02   1.260308274400000E-02   8.844358008400000E-01   3.998954364900000E-01   3.823247072500000E-01
  5.139978179999893E-02   1.250085881100000E-02   8.858836703000000E-01   3.959548051900000E-01   3.820665008100000E-01
  6.650938399999973E-02   1.239891806200000E-02   8.873160717000000E-01   3.920818236800000E-01   3.818098395000000E-01
  8.164637639999972E-02   1.229709063500000E-02   8.887356588000001E-01   3.882686716900000E-01   3.815542904100000E-01
  9.678336879999971E-02   1.219557535400000E-02   8.901399213900000E-01   3.845214471400000E-01   3.813003471900000E-01
  1.119203613999997E-01   1.209438556600000E-02   8.915289607700000E-01   3.808391683200000E-01   3.810480355500000E-01
  1.270573537999997E-01   1.199353420500000E-02   8.929028791100000E-01   3.772208565200000E-01   3.807973799700000E-01
  1.421153162000000E-01   1.189355757200000E-02   8.942547234600000E-01   3.736839371300000E-01   3.805496992100000E-01
  1.571732784000002E-01   1.179394016300000E-02   8.955918083900000E-01   3.702083981900000E-01   3.803037020000000E-01
  1.722312408000004E-01   1.169469351800000E-02   8.969142368200000E-01   3.667932891200000E-01   3.800594089000000E-01
  1.872892032000006E-01   1.159582879100000E-02   8.982221123700000E-01   3.634376647800000E-01   3.798168393000000E-01
  2.019191841999990E-01   1.150015003700000E-02   8.994789757700000E-01   3.602334965900000E-01   3.795828321800000E-01
  2.165491651999996E-01   1.140485151600000E-02   9.007222964200000E-01   3.570837378000000E-01   3.793504850400000E-01
  2.311791464000001E-01   1.130994244200000E-02   9.019521710500000E-01   3.539875392200000E-01   3.791198126900000E-01
  2.458091274000007E-01   1.121543170900000E-02   9.031686968800000E-01   3.509440581900000E-01   3.788908289900000E-01
  2.604110566000006E-01   1.112150793100000E-02   9.043696770000000E-01   3.479581460700000E-01   3.786639810400000E-01
  2.750129858000006E-01   1.102799772200000E-02   9.055575543100000E-01   3.450230933000000E-01   3.784388401000000E-01
  2.896149148000005E-01   1.093490899000000E-02   9.067324267200000E-01   3.421380837300000E-01   3.782154172400000E-01
  3.042168440000004E-01   1.084224934200000E-02   9.078943925300000E-01   3.393023089500000E-01   3.779937226600000E-01
  3.189509595999995E-01   1.074919323900000E-02   9.090538951100000E-01   3.364899545300000E-01   3.777717824600000E-01
  3.336850752000009E-01   1.065658868300000E-02   9.102004584100000E-01   3.337261017000000E-01   3.775516202300000E-01
  3.484191908000001E-01   1.056444259400000E-02   9.113341843400000E-01   3.310099455500000E-01   3.773332438700000E-01
  3.631533063999992E-01   1.047276159900000E-02   9.124551750900000E-01   3.283406901400000E-01   3.771166604700000E-01
  3.781389141999991E-01   1.037999934400000E-02   9.135823422100000E-01   3.256731708400000E-01   3.768982258700000E-01
  3.931245219999990E-01   1.028773113900000E-02   9.146965495300000E-01   3.230525353900000E-01   3.766816582400000E-01
  4.081101297999989E-01   1.019596307000000E-02   9.157979051600000E-01   3.204779761800000E-01   3.764669625500000E-01
  4.230957376000011E-01   1.010470093900000E-02   9.168865173400000E-01   3.179486958400000E-01   3.762541429700000E-01
  4.384372895999999E-01   1.001180098100000E-02   9.179878987400000E-01   3.154054223000000E-01   3.760382154700000E-01
  4.537788416000010E-01   9.919442689000000E-03   9.190761540600000E-01   3.129079464800000E-01   3.758242606800000E-01
  4.691203935999999E-01   9.827631393400000E-03   9.201513997100000E-01   3.104554470700000E-01   3.756122806600000E-01
  4.844619456000010E-01   9.736372134799999E-03   9.212137521300000E-01   3.080471144900000E-01   3.754022766800000E-01
  5.002880253999997E-01   9.642814162800000E-03   9.222962693400000E-01   3.056081567400000E-01   3.751877114200000E-01
  5.161141052000007E-01   9.549853626600000E-03   9.233653177400000E-01   3.032144880700000E-01   3.749752493200000E-01
  5.319401849999994E-01   9.457495138100000E-03   9.244210250200000E-01   3.008652592300000E-01   3.747648893600000E-01
  5.477662646000003E-01   9.365743011600000E-03   9.254635187600000E-01   2.985596343700000E-01   3.745566297600000E-01
  5.644022089999989E-01   9.269953781200000E-03   9.265452544500000E-01   2.961821307900000E-01   3.743399744800000E-01
  5.810381531999997E-01   9.174843338800000E-03   9.276126782800000E-01   2.938509601200000E-01   3.741256334200000E-01
  5.976740974000005E-01   9.080415685300000E-03   9.286659378100000E-01   2.915651993200000E-01   3.739136019600000E-01
  6.143100417999992E-01   8.986674494200000E-03   9.297051802800000E-01   2.893239416400000E-01   3.737038746700000E-01
  6.326182642000000E-01   8.884307687299999E-03   9.308328635499999E-01   2.869077631300000E-01   3.734757209600000E-01
  6.509264866000009E-01   8.782780382600001E-03   9.319439433000000E-01   2.845432415700000E-01   3.732503410900000E-01
  6.692347091999995E-01   8.682096179100001E-03   9.330386142100000E-01   2.822292357100000E-01   3.730277247000000E-01
  6.875429316000004E-01   8.582258249300000E-03   9.341170702900000E-01   2.799646275100000E-01   3.728078604400000E-01
  7.063278324000000E-01   8.480703409700001E-03   9.352069544300000E-01   2.776912529300000E-01   3.725851193900000E-01
  7.251127333999996E-01   8.380044930100000E-03   9.362801798200000E-01   2.754675710300000E-01   3.723652484500000E-01
  7.438976341999992E-01   8.280284926400001E-03   9.373369534700000E-01   2.732924486800000E-01   3.721482324100000E-01
  7.626825352000011E-01   8.181425100700000E-03   9.383774814300000E-01   2.711647773400000E-01   3.719340551800000E-01
  7.802718099999995E-01   8.089674749000001E-03   9.393372359500000E-01   2.692145829800000E-01   3.717360684700000E-01
  7.978610850000001E-01   7.998715539600000E-03   9.402830942000000E-01   2.673041695500000E-01   3.715405413000000E-01
  8.154503600000007E-01   7.908547949300000E-03   9.412152227600000E-01   2.654326840700000E-01   3.713474585500000E-01
  8.330396349999991E-01   7.819172177999999E-03   9.421337873200000E-01   2.635992913900000E-01   3.711568045500000E-01
  8.504573159999995E-01   7.731448523900000E-03   9.430301864100000E-01   2.618205187500000E-01   3.709703879000000E-01
  8.678749971999999E-01   7.644500933500000E-03   9.439136054800000E-01   2.600775205900000E-01   3.707863207600000E-01
  8.852926784000004E-01   7.558328852400000E-03   9.447842026300000E-01   2.583695362500000E-01   3.706045865000000E-01
  9.027103594000008E-01   7.472931495800000E-03   9.456421349800000E-01   2.566958211900000E-01   3.704251680600000E-01
  9.201975497999992E-01   7.387971693500000E-03   9.464909076500000E-01   2.550491675100000E-01   3.702473457500000E-01
  9.376847401999999E-01   7.303790556600000E-03   9.473272285400000E-01   2.534356011200000E-01   3.700718221900000E-01
  9.551719306000006E-01   7.220386637200000E-03   9.481512535400000E-01   2.518544160000000E-01   3.698985790200000E-01
  9.726591209999991E-01   7.137758285500000E-03   9.489631374300000E-01   2.503049214100000E-01   3.697275975500000E-01
  9.903425045999992E-01   7.054989689800000E-03   9.497719407000000E-01   2.487695788300000E-01   3.695569783500000E-01
  1.008025888199999E+00   6.973010172500000E-03   9.505686437600001E-01   2.472652675500000E-01   3.693886325800000E-01
  1.025709271999999E+00   6.891817444200000E-03   9.513534031100001E-01   2.457913192800000E-01   3.692225400700000E-01
  1.043392655599999E+00   6.811409034600000E-03   9.521263740500000E-01   2.443470805500000E-01   3.690586804200000E-01
  1.061343441600000E+00   6.730584195800000E-03   9.528991348100000E-01   2.429107326100000E-01   3.688946055000000E-01
  1.079294227800001E+00   6.650561911200000E-03   9.536600664900000E-01   2.415036878400000E-01   3.687327884300000E-01
  1.097245013799999E+00   6.571339072700000E-03   9.544093275500000E-01   2.401253076900000E-01   3.685732072300000E-01
  1.115195800000000E+00   6.492912411000000E-03   9.551470750800000E-01   2.387749681100000E-01   3.684158397800000E-01
  1.133511238000000E+00   6.413709638700000E-03   9.558881040300000E-01   2.374254658100000E-01   3.682575340700000E-01
  1.151826676200001E+00   6.335328359000000E-03   9.566174729200000E-01   2.361038872300000E-01   3.681014859200000E-01
  1.170142114399999E+00   6.257764625500000E-03   9.573353441000000E-01   2.348096142300000E-01   3.679476714000000E-01
  1.188457552600000E+00   6.181014347200000E-03   9.580418784000000E-01   2.335420430800000E-01   3.677960664500000E-01
  1.207241971799999E+00   6.103139351400000E-03   9.587548948900000E-01   2.322691333600000E-01   3.676428494300000E-01
  1.226026391199999E+00   6.026110846900000E-03   9.594563241400000E-01   2.310230692300000E-01   3.674919051300000E-01
  1.244810810600001E+00   5.949923991100000E-03   9.601463345400000E-01   2.298032445000000E-01   3.673432073900000E-01
  1.263595229800001E+00   5.874573811200000E-03   9.608250927300001E-01   2.286090675000000E-01   3.671967300300000E-01
  1.283001731600000E+00   5.797601548700000E-03   9.615146870500000E-01   2.274016658300000E-01   3.670477058700000E-01
  1.302408233200001E+00   5.721511106000000E-03   9.621926273800000E-01   2.262204012700000E-01   3.669009947200000E-01
  1.321814735000000E+00   5.646296609000000E-03   9.628590915700000E-01   2.250646679600000E-01   3.667565677300000E-01
  1.341221236600001E+00   5.571952067200000E-03   9.635142554500000E-01   2.239338750400000E-01   3.666143960500000E-01
  1.361401486600000E+00   5.495559483200000E-03   9.641837427600000E-01   2.227838294700000E-01   3.664689169500000E-01
  1.381581736599999E+00   5.420094032700000E-03   9.648413917699999E-01   2.216594982100000E-01   3.663258131800000E-01
  1.401761986600001E+00   5.345548626700000E-03   9.654873932500000E-01   2.205602659300000E-01   3.661850525400000E-01
  1.421942236400000E+00   5.271916072700000E-03   9.661219356100000E-01   2.194855331400000E-01   3.660466029600000E-01
  1.443357784399999E+00   5.194766476800000E-03   9.667829951800000E-01   2.183711558500000E-01   3.659021703900000E-01
  1.464773332400000E+00   5.118627880700000E-03   9.674315787400000E-01   2.172830320800000E-01   3.657602665000000E-01
  1.486188880399999E+00   5.043491362300000E-03   9.680679027600000E-01   2.162205007200000E-01   3.656208535200000E-01
  1.507604428400000E+00   4.969347906200000E-03   9.686921807200000E-01   2.151829186200000E-01   3.654838938800000E-01
  1.529893609799999E+00   4.893224674400000E-03   9.693293590900000E-01   2.141288324300000E-01   3.653439124000000E-01
  1.552182791200001E+00   4.818156974000000E-03   9.699539505000000E-01   2.131004091000000E-01   3.652065063100000E-01
  1.574471972600000E+00   4.744134379400000E-03   9.705661854600000E-01   2.120969820300000E-01   3.650716341400000E-01
  1.596761153999999E+00   4.671146395100000E-03   9.711662910200000E-01   2.111179033400000E-01   3.649392547800000E-01
  1.618932416000001E+00   4.599560508900000E-03   9.717514099100000E-01   2.101675363600000E-01   3.648100084300000E-01
  1.641103678000000E+00   4.528977430100000E-03   9.723249654400000E-01   2.092400354400000E-01   3.646831484700000E-01
  1.663274940199999E+00   4.459386677000000E-03   9.728871710600000E-01   2.083348149800000E-01   3.645586355000000E-01
  1.685446202200001E+00   4.390777733300000E-03   9.734382369200000E-01   2.074513055900000E-01   3.644364305000000E-01
  1.707791190000001E+00   4.322613879200000E-03   9.739825595700000E-01   2.065822788000000E-01   3.643155639300000E-01
  1.730136177799999E+00   4.255425757600000E-03   9.745159858200000E-01   2.057341915200000E-01   3.641969633000000E-01
  1.752481165599999E+00   4.189202541900000E-03   9.750387208300000E-01   2.049065081600000E-01   3.640805898900000E-01
  1.774826153400000E+00   4.123933398800000E-03   9.755509664300001E-01   2.040987079800000E-01   3.639664054400000E-01
  1.797598391799999E+00   4.058386660500000E-03   9.760624199500000E-01   2.032953951100000E-01   3.638522507000000E-01
  1.820370630399999E+00   3.993808115500000E-03   9.765633921000000E-01   2.025116863900000E-01   3.637402905700000E-01
  1.843142868800001E+00   3.930186316000000E-03   9.770540861800000E-01   2.017470755400000E-01   3.636304860000000E-01
  1.865915107200000E+00   3.867509833100000E-03   9.775347020500000E-01   2.010010704600000E-01   3.635227984000000E-01
  1.889291721599999E+00   3.804141229400000E-03   9.780177966600000E-01   2.002541175900000E-01   3.634144148000000E-01
  1.912668336200001E+00   3.741744463800000E-03   9.784906869200000E-01   1.995257644900000E-01   3.633081812600000E-01
  1.936044950600000E+00   3.680307272200000E-03   9.789535780000000E-01   1.988155227300000E-01   3.632040576800000E-01
  1.959421564999999E+00   3.619817435200000E-03   9.794066714600000E-01   1.981229178100000E-01   3.631020045400000E-01
  1.983681196200000E+00   3.558031363400000E-03   9.798667320200000E-01   1.974223060500000E-01   3.629982440200000E-01
  2.007940827400001E+00   3.497238923300000E-03   9.803166711500000E-01   1.967396919700000E-01   3.628966284700000E-01
  2.032200458600000E+00   3.437426646500000E-03   9.807567019800000E-01   1.960745898600000E-01   3.627971156400000E-01
  2.056460089800001E+00   3.378581139100000E-03   9.811870336400000E-01   1.954265282200000E-01   3.626996639500000E-01
  2.081959888000000E+00   3.317754983200000E-03   9.816291333600000E-01   1.947632050600000E-01   3.625994075100000E-01
  2.107459686199999E+00   3.257966895700000E-03   9.820609771000000E-01   1.941176878400000E-01   3.625013363700000E-01
  2.132959484400001E+00   3.199201623800000E-03   9.824827937400000E-01   1.934894765000000E-01   3.624054046000000E-01
  2.158459282600000E+00   3.141444028400000E-03   9.828948075500000E-01   1.928780861800000E-01   3.623115670500000E-01
  2.184676877400000E+00   3.083095424800000E-03   9.833084297200000E-01   1.922665290100000E-01   3.622172248500000E-01
  2.210894472200000E+00   3.025779959000000E-03   9.837121554300000E-01   1.916717609300000E-01   3.621250022000000E-01
  2.237112067000000E+00   2.969481583700000E-03   9.841062135600001E-01   1.910933018600000E-01   3.620348526300000E-01
  2.263329661800000E+00   2.914184397900000E-03   9.844908281500000E-01   1.905306865500000E-01   3.619467305500000E-01
  2.289290469800001E+00   2.860399875600000E-03   9.848625857400000E-01   1.899887506100000E-01   3.618614254300000E-01
  2.315251277599999E+00   2.807566438400000E-03   9.852255071600000E-01   1.894614829700000E-01   3.617780217900000E-01
  2.341212085600000E+00   2.755669093300000E-03   9.855797963200000E-01   1.889484720200000E-01   3.616964778400000E-01
  2.367172893400000E+00   2.704693001400000E-03   9.859256527400000E-01   1.884493185300000E-01   3.616167525700000E-01
  2.393414199999999E+00   2.654087391300000E-03   9.862668752600000E-01   1.879584598300000E-01   3.615379731700000E-01
  2.419655506600000E+00   2.604393049100000E-03   9.865998785600000E-01   1.874809762600000E-01   3.614609701900000E-01
  2.445896813199999E+00   2.555595143700000E-03   9.869248556000000E-01   1.870164917100000E-01   3.613857037600000E-01
  2.472138119800000E+00   2.507679013500000E-03   9.872419951000000E-01   1.865646413700000E-01   3.613121347700000E-01
  2.498859175599999E+00   2.459777993800000E-03   9.875570695800000E-01   1.861171472500000E-01   3.612389254800000E-01
  2.525580231200000E+00   2.412761144900000E-03   9.878643991700000E-01   1.856820244000000E-01   3.611673969700000E-01
  2.552301287000001E+00   2.366613537900000E-03   9.881641700600000E-01   1.852589215000000E-01   3.610975104700000E-01
  2.579022342799999E+00   2.321320431500000E-03   9.884565642299999E-01   1.848474978900000E-01   3.610292280100000E-01
  2.606424273400001E+00   2.275745416400000E-03   9.887489340200000E-01   1.844373744100000E-01   3.609608326200000E-01
  2.633826204000000E+00   2.231038214000000E-03   9.890339207100000E-01   1.840388402400000E-01   3.608940458000000E-01
  2.661228134600000E+00   2.187183547300000E-03   9.893117072399999E-01   1.836515606200000E-01   3.608288291900000E-01
  2.688630065199999E+00   2.144166349500000E-03   9.895824722700000E-01   1.832752110300000E-01   3.607651453100000E-01
  2.717077229200000E+00   2.100378361500000E-03   9.898563239600000E-01   1.828957322300000E-01   3.607006145000000E-01
  2.745524393200001E+00   2.057460557500000E-03   9.901229866500000E-01   1.825273532600000E-01   3.606376559900000E-01
  2.773971557399999E+00   2.015396798200000E-03   9.903826460800000E-01   1.821697438800000E-01   3.605762306200000E-01
  2.802418721400000E+00   1.974171187300000E-03   9.906354834200000E-01   1.818225842100000E-01   3.605163001700000E-01
  2.831552940399999E+00   1.932802299700000E-03   9.908875405999999E-01   1.814775476400000E-01   3.604564327700000E-01
  2.860687159199999E+00   1.892279563800000E-03   9.911328124700000E-01   1.811428244900000E-01   3.603980550700000E-01
  2.889821378199999E+00   1.852586690600000E-03   9.913714793000000E-01   1.808181027400000E-01   3.603411288700000E-01
  2.918955596999999E+00   1.813707653800000E-03   9.916037167800000E-01   1.805030803600000E-01   3.602856169100000E-01
  2.948068693000001E+00   1.775654012800000E-03   9.918295344600000E-01   1.801976831500000E-01   3.602315215900000E-01
  2.977181788800001E+00   1.738381814900000E-03   9.920492694500000E-01   1.799013966700000E-01   3.601787668000000E-01
  3.006294884600000E+00   1.701875844900000E-03   9.922630838800000E-01   1.796139472500000E-01   3.601273180300000E-01
  3.035407980600000E+00   1.666121143000000E-03   9.924711357000000E-01   1.793350698700000E-01   3.600771416300000E-01
  3.064686886200001E+00   1.630905642500000E-03   9.926747160000000E-01   1.790629901900000E-01   3.600279295700000E-01
  3.093965791600000E+00   1.596420412800000E-03   9.928727759200000E-01   1.787990679300000E-01   3.599799387100000E-01
  3.123244697200001E+00   1.562651003100000E-03   9.930654639600000E-01   1.785430580800000E-01   3.599331373200000E-01
  3.152523602799999E+00   1.529583214400000E-03   9.932529246800000E-01   1.782947233400000E-01   3.598874944800000E-01
  3.182146185200001E+00   1.496827045900000E-03   9.934374099700000E-01   1.780510495900000E-01   3.598424641400000E-01
  3.211768767600001E+00   1.464760596400000E-03   9.936168305999999E-01   1.778147663000000E-01   3.597985584700000E-01
  3.241391350000000E+00   1.433369929600000E-03   9.937913247700000E-01   1.775856501200000E-01   3.597557478300000E-01
  3.271013932400000E+00   1.402641361700000E-03   9.939610270100000E-01   1.773634846800000E-01   3.597140033800000E-01
  3.301072121799999E+00   1.372123898700000E-03   9.941284610500000E-01   1.771449418600000E-01   3.596727060100000E-01
  3.331130311199999E+00   1.342260540600000E-03   9.942912290900000E-01   1.769331279200000E-01   3.596324488700000E-01
  3.361188500600001E+00   1.313037767100000E-03   9.944494605999999E-01   1.767278375000000E-01   3.595932041200000E-01
  3.391246690000000E+00   1.284442311900000E-03   9.946032815500000E-01   1.765288717500000E-01   3.595549446400000E-01
  3.421835571800000E+00   1.255972579100000E-03   9.947554167800000E-01   1.763326874200000E-01   3.595169939400000E-01
  3.452424453600000E+00   1.228125578400000E-03   9.949032368200000E-01   1.761426570500000E-01   3.594800092300000E-01
  3.483013335400000E+00   1.200888116000000E-03   9.950468637800000E-01   1.759585903500000E-01   3.594439641700000E-01
  3.513602217200000E+00   1.174247255800000E-03   9.951864163700000E-01   1.757803030900000E-01   3.594088331600000E-01
  3.544766866800000E+00   1.147705369300000E-03   9.953245250000000E-01   1.756044190300000E-01   3.593739551000000E-01
  3.575931516399999E+00   1.121756446400000E-03   9.954586428000000E-01   1.754341663000000E-01   3.593399743300000E-01
  3.607096165999999E+00   1.096387605800000E-03   9.955888850200000E-01   1.752693681700000E-01   3.593068659300000E-01
  3.638260815600001E+00   1.071586226500000E-03   9.957153636000000E-01   1.751098535900000E-01   3.592746056700000E-01
  3.670052584600001E+00   1.046857655300000E-03   9.958406220800000E-01   1.749524015700000E-01   3.592425457600000E-01
  3.701844353599999E+00   1.022693891700000E-03   9.959621892100000E-01   1.748001055800000E-01   3.592113196900000E-01
  3.733636122399999E+00   9.990823483400000E-04   9.960801738800000E-01   1.746528011300000E-01   3.591809038700000E-01
  3.765427891399999E+00   9.760107013800000E-04   9.961946817600000E-01   1.745103290600000E-01   3.591512753800000E-01
  3.797897330000000E+00   9.529920036700000E-04   9.963081483800000E-01   1.743696480300000E-01   3.591218048700000E-01
  3.830366768600000E+00   9.305113028500000E-04   9.964182014900000E-01   1.742336883600000E-01   3.590931093700000E-01
  3.862836207000000E+00   9.085562920300000E-04   9.965249440200000E-01   1.741022966300000E-01   3.590651665100000E-01
  3.895305645600000E+00   8.871149312000000E-04   9.966284757900000E-01   1.739753245100000E-01   3.590379545900000E-01
  3.928502462200001E+00   8.657120156200000E-04   9.967311082800000E-01   1.738499278100000E-01   3.590108668200000E-01
  3.961699278799999E+00   8.448214013800000E-04   9.968305861300000E-01   1.737288528300000E-01   3.589844992600000E-01
  3.994896095200000E+00   8.244310538800000E-04   9.969270066600000E-01   1.736119563300000E-01   3.589588307200000E-01
  4.028092911800001E+00   8.045292084500000E-04   9.970204641600000E-01   1.734990998900000E-01   3.589338406500000E-01
  4.062067229399999E+00   7.846550424800000E-04   9.971131379800000E-01   1.733876437600000E-01   3.589089470000000E-01
  4.096041547000000E+00   7.652684397300000E-04   9.972028990600000E-01   1.732801405100000E-01   3.588847223800000E-01
  4.130015864600001E+00   7.463576328500000E-04   9.972898393700000E-01   1.731764562900000E-01   3.588611467400000E-01
  4.163990182199999E+00   7.279111274100000E-04   9.973740479800000E-01   1.730764618400000E-01   3.588382006300000E-01
  4.198793375000001E+00   7.094842775300000E-04   9.974575687400000E-01   1.729777232500000E-01   3.588153277400000E-01
  4.233596567599999E+00   6.915210962800000E-04   9.975384032100000E-01   1.728825961000000E-01   3.587930760600000E-01
  4.268399760399999E+00   6.740100808600000E-04   9.976166382800000E-01   1.727909552900000E-01   3.587714265800000E-01
  4.303202953200000E+00   6.569400042000000E-04   9.976923580400000E-01   1.727026801000000E-01   3.587503608900000E-01
  4.338888460400002E+00   6.398835514100000E-04   9.977674708499999E-01   1.726155396800000E-01   3.587293486900000E-01
  4.374573967800000E+00   6.232676355800000E-04   9.978401096000000E-01   1.725316939800000E-01   3.587089129300000E-01
  4.410259475000000E+00   6.070810173200000E-04   9.979103563400000E-01   1.724510260700000E-01   3.586890356200000E-01
  4.445944982400000E+00   5.913127356900000E-04   9.979782903900000E-01   1.723734231800000E-01   3.586696993600000E-01
  4.482568936400000E+00   5.755535583300000E-04   9.980456866500000E-01   1.722968524400000E-01   3.586503995300000E-01
  4.519192890199999E+00   5.602124894000001E-04   9.981108078800000E-01   1.722232821500000E-01   3.586316342500000E-01
  4.555816844200001E+00   5.452785529500000E-04   9.981737314700000E-01   1.721526030400000E-01   3.586133865100000E-01
  4.592440798199999E+00   5.307410539600000E-04   9.982345321700000E-01   1.720847098400000E-01   3.585956398600000E-01
  4.630062686400001E+00   5.162092763800001E-04   9.982948549900000E-01   1.720177608700000E-01   3.585779147000000E-01
  4.667684574599999E+00   5.020738385000000E-04   9.983530894100000E-01   1.719535386500000E-01   3.585606849000000E-01
  4.705306462800001E+00   4.883240285700000E-04   9.984093083800000E-01   1.718919411500000E-01   3.585439343800000E-01
  4.742928351000000E+00   4.749494181200000E-04   9.984635822600000E-01   1.718328701100000E-01   3.585276476100000E-01
  4.781611680199999E+00   4.615780088100000E-04   9.985174306800000E-01   1.717746673000000E-01   3.585113691200000E-01
  4.820295009600000E+00   4.485817987800000E-04   9.985693657000000E-01   1.717189365300000E-01   3.584955493300000E-01
  4.858978338800000E+00   4.359503417600000E-04   9.986194559500000E-01   1.716655825700000E-01   3.584801730800000E-01
  4.897661668200000E+00   4.236734770000000E-04   9.986677676100000E-01   1.716145138200000E-01   3.584652257200000E-01
  4.937474638599999E+00   4.113979580900000E-04   9.987157000600000E-01   1.715642471200000E-01   3.584502748200000E-01
  4.977287609000001E+00   3.994771031700000E-04   9.987618830600000E-01   1.715162153500000E-01   3.584357484100000E-01
  5.017100579200000E+00   3.879007331500000E-04   9.988063811400000E-01   1.714703297100000E-01   3.584216321700000E-01
  5.056913549599999E+00   3.766589565300000E-04   9.988492564100000E-01   1.714265048900000E-01   3.584079123000000E-01
  5.097929787000000E+00   3.654171842200000E-04   9.988917935600000E-01   1.713834241800000E-01   3.583941782600000E-01
  5.138946024399999E+00   3.545101289500000E-04   9.989327347600000E-01   1.713423576400000E-01   3.583808368000000E-01
  5.179962261800000E+00   3.439278806800000E-04   9.989721405500001E-01   1.713032226300000E-01   3.583678744200000E-01
  5.220978498999999E+00   3.336608189100000E-04   9.990100691800000E-01   1.712659397900000E-01   3.583552781300000E-01
  5.263277944000000E+00   3.233927991400000E-04   9.990476964600000E-01   1.712293499800000E-01   3.583426580000000E-01
  5.305577389000000E+00   3.134401268200000E-04   9.990838713100000E-01   1.711945689300000E-01   3.583304007200000E-01
  5.347876833800001E+00   3.037931630100000E-04   9.991186504700000E-01   1.711615198200000E-01   3.583184936200000E-01
  5.390176278800000E+00   2.944425600700000E-04   9.991520884300000E-01   1.711301289500000E-01   3.583069244700000E-01
  5.433845985000001E+00   2.850903579900000E-04   9.991852580100000E-01   1.710993860400000E-01   3.582953226400000E-01
  5.477515691399999E+00   2.760347018400000E-04   9.992171092000000E-01   1.710702608600000E-01   3.582840560800000E-01
  5.521185397599999E+00   2.672662258600000E-04   9.992476950400000E-01   1.710426820900000E-01   3.582731128400000E-01
  5.564855103999999E+00   2.587758573300000E-04   9.992770664600000E-01   1.710165814600000E-01   3.582624814500000E-01
  5.609990378200001E+00   2.502834774300000E-04   9.993061992300000E-01   1.709910888600000E-01   3.582518092800000E-01
  5.655125652599999E+00   2.420694048700000E-04   9.993341385500000E-01   1.709670364400000E-01   3.582414467900000E-01
  5.700260926800000E+00   2.341245492300000E-04   9.993609339800000E-01   1.709443581800000E-01   3.582313827500000E-01
  5.745396200999999E+00   2.264401147300000E-04   9.993866329700000E-01   1.709229909400000E-01   3.582216064100000E-01
  5.792178399800001E+00   2.187410459100000E-04   9.994121610600000E-01   1.709021632800000E-01   3.582117659500000E-01
  5.838960598600000E+00   2.113034463200000E-04   9.994366085600001E-01   1.708826150600000E-01   3.582022124200000E-01
  5.885742797400000E+00   2.041184603600000E-04   9.994600218500000E-01   1.708642850100000E-01   3.581929352500000E-01
  5.932524996200000E+00   1.971775304400000E-04   9.994824453000000E-01   1.708471146300000E-01   3.581839243100000E-01
  5.981028855399999E+00   1.902300216800000E-04   9.995046941500000E-01   1.708304771900000E-01   3.581748524600000E-01
  6.029532714400001E+00   1.835270762200000E-04   9.995259698000000E-01   1.708149670200000E-01   3.581660459600000E-01
  6.078036573400000E+00   1.770601042300000E-04   9.995463154200001E-01   1.708005275700000E-01   3.581574948800000E-01
  6.126540432400001E+00   1.708208159900000E-04   9.995657722800000E-01   1.707871049600000E-01   3.581491896900000E-01
  6.176874999199999E+00   1.645782097300000E-04   9.995850659500000E-01   1.707741959400000E-01   3.581408212900000E-01
  6.227209566000001E+00   1.585635647700000E-04   9.996034869500000E-01   1.707622721000000E-01   3.581326981500000E-01
  6.277544132799999E+00   1.527685716300000E-04   9.996210753300000E-01   1.707512814900000E-01   3.581248109600000E-01
  6.327878699600000E+00   1.471852224500000E-04   9.996378693200000E-01   1.707411747300000E-01   3.581171508000000E-01
  6.380189596600001E+00   1.415986404800000E-04   9.996545200000000E-01   1.707315573100000E-01   3.581094213200000E-01
  6.432500493599999E+00   1.362239754500000E-04   9.996703909700000E-01   1.707227937100000E-01   3.581019187300000E-01
  6.484811390800001E+00   1.310532002600000E-04   9.996855193300000E-01   1.707148363900000E-01   3.580946342800000E-01
  6.537122287799999E+00   1.260785907700000E-04   9.996999403700000E-01   1.707076402200000E-01   3.580875596400000E-01
  6.591572192799999E+00   1.211009314100000E-04   9.997142359600000E-01   1.707009122300000E-01   3.580804100000000E-01
  6.646022098000000E+00   1.163197001000000E-04   9.997278376299999E-01   1.706949168000000E-01   3.580734704900000E-01
  6.700472003000000E+00   1.117271541900000E-04   9.997407796100000E-01   1.706896106000000E-01   3.580667329200000E-01
  6.754921908000000E+00   1.073158553600000E-04   9.997530944300000E-01   1.706849526100000E-01   3.580601895000000E-01
  6.811693815600000E+00   1.029017300100000E-04   9.997652999200000E-01   1.706807443400000E-01   3.580535657400000E-01
  6.868465723399999E+00   9.866910090100000E-05   9.997768904200000E-01   1.706771569400000E-01   3.580471369100000E-01
  6.925237631200001E+00   9.461051192299999E-05   9.997878974500000E-01   1.706741510900000E-01   3.580408953400000E-01
  6.982009539000000E+00   9.071881263100000E-05   9.997983508800000E-01   1.706716897000000E-01   3.580348337400000E-01
  7.041310237800000E+00   8.682454458600000E-05   9.998087094700000E-01   1.706696620800000E-01   3.580286867700000E-01
  7.100610936800001E+00   8.309739947200000E-05   9.998185255000001E-01   1.706681526500000E-01   3.580227210200000E-01
  7.159911635600000E+00   7.953020989300000E-05   9.998278278800000E-01   1.706671259300000E-01   3.580169293000000E-01
  7.219212334600000E+00   7.611611533000000E-05   9.998366439600000E-01   1.706665485600000E-01   3.580113047900000E-01
  7.281276738600000E+00   7.269973317800000E-05   9.998453782200000E-01   1.706663913800000E-01   3.580055901600000E-01
  7.343341142800000E+00   6.943666101600000E-05   9.998536361300000E-01   1.706666581700000E-01   3.580000444500000E-01
  7.405405546799999E+00   6.632002233700000E-05   9.998614441600000E-01   1.706673171600000E-01   3.579946609500000E-01
  7.467469950800001E+00   6.334324868000001E-05   9.998688272500000E-01   1.706683385400000E-01   3.579894332400000E-01
  7.532566477800000E+00   6.036448133300000E-05   9.998761401500000E-01   1.706697687000000E-01   3.579841108800000E-01
  7.597663004999999E+00   5.752577374400000E-05   9.998830370800000E-01   1.706715366100000E-01   3.579789465400000E-01
  7.662759532000001E+00   5.482054254100000E-05   9.998895421200000E-01   1.706736140000000E-01   3.579739338800000E-01
  7.727856059200001E+00   5.224251351200000E-05   9.998956779700000E-01   1.706759745100000E-01   3.579690668800000E-01
  7.796293326999999E+00   4.966278917900000E-05   9.999017540100000E-01   1.706787344300000E-01   3.579641009300000E-01
  7.864730594800000E+00   4.721043984100000E-05   9.999074688600000E-01   1.706817533300000E-01   3.579592833700000E-01
  7.933167862800000E+00   4.487917758800000E-05   9.999128444199999E-01   1.706850063600000E-01   3.579546082300000E-01
  8.001605130600000E+00   4.266302470900000E-05   9.999179012000000E-01   1.706884704000000E-01   3.579500698500000E-01
  8.073740227399998E+00   4.044547746000000E-05   9.999229073600000E-01   1.706923263800000E-01   3.579454283900000E-01
  8.145875324400000E+00   3.834318856700000E-05   9.999276019000000E-01   1.706963695900000E-01   3.579409269400000E-01
  8.218010421199999E+00   3.635016803100000E-05   9.999320045900000E-01   1.707005784300000E-01   3.579365598600000E-01
  8.290145518000001E+00   3.446073701900000E-05   9.999361339300000E-01   1.707049329000000E-01   3.579323217900000E-01
  8.366394741400001E+00   3.257020616700000E-05   9.999402207500000E-01   1.707096736200000E-01   3.579279766700000E-01
  8.442643964800000E+00   3.078338855300000E-05   9.999440405600000E-01   1.707145363400000E-01   3.579237643600000E-01
  8.518893188000000E+00   2.909459466400000E-05   9.999476111400000E-01   1.707195025700000E-01   3.579196795000000E-01
  8.595142411400001E+00   2.749844702600000E-05   9.999509490900000E-01   1.707245553300000E-01   3.579157170200000E-01
  8.675994890400000E+00   2.590148502000000E-05   9.999542516300000E-01   1.707299903200000E-01   3.579116436300000E-01
  8.756847369400001E+00   2.439726620500000E-05   9.999573271100000E-01   1.707354881300000E-01   3.579076970000000E-01
  8.837699848600000E+00   2.298040429600000E-05   9.999601914600000E-01   1.707410332700000E-01   3.579038719900000E-01
  8.918552327600000E+00   2.164582580200000E-05   9.999628594800000E-01   1.707466116500000E-01   3.579001637400000E-01
  9.004586829800001E+00   2.031072013900000E-05   9.999654982500000E-01   1.707525697500000E-01   3.578963409100000E-01
  9.090621332200000E+00   1.905796482500000E-05   9.999679455600000E-01   1.707585370500000E-01   3.578926398500000E-01
  9.176655834600000E+00   1.788247991100000E-05   9.999702156000000E-01   1.707645010000000E-01   3.578890556100000E-01
  9.262690336999999E+00   1.677949882400000E-05   9.999723214800000E-01   1.707704502800000E-01   3.578855835200000E-01
  9.354512758800000E+00   1.567726170100000E-05   9.999744015599999E-01   1.707767722300000E-01   3.578819965600000E-01
  9.446335180400000E+00   1.464743226700000E-05   9.999763220100000E-01   1.707830549800000E-01   3.578785272200000E-01
  9.538157602199998E+00   1.368525324100000E-05   9.999780953500000E-01   1.707892888200000E-01   3.578751706700000E-01
  9.629980023800000E+00   1.278627993600000E-05   9.999797330700000E-01   1.707954651800000E-01   3.578719223800000E-01
  9.722485018000000E+00   1.194032864900000E-05   9.999812565600000E-01   1.708016217100000E-01   3.578687550500000E-01
  9.814990011999999E+00   1.115034835400000E-05   9.999826631099999E-01   1.708077055400000E-01   3.578656890700000E-01
  9.907495006000000E+00   1.041263519000000E-05   9.999839618800000E-01   1.708137108300000E-01   3.578627204900000E-01
  1.000000000000000E+01   9.723730438900000E-06   9.999851613200000E-01   1.708196325400000E-01   3.578598455700000E-01
